image,ALB,BET,DOL,LAG,NoF,OTHER,SHARK,YFT
img_01444.jpg,0.74138,0.120395,0.00193145,0.000565637,0.009252,0.109822,0.00113068,0.0155239
img_03140.jpg,0.007,0.007,0.007,0.007,0.007,0.007,0.007,0.007
img_03290.jpg,0.114661,0.00167279,0.000765354,0.000833966,0.00255728,0.0637692,0.00770473,0.808035
img_05064.jpg,0.707701,0.051064,0.116485,0.00691771,0.0662913,0.0221157,0.00949326,0.0199324
img_06642.jpg,0.0020093,0.00284948,6.49498e-05,0.000312956,0.000153297,7.10075e-05,6.1804e-05,0.994477
img_07143.jpg,0.00377954,0.000210481,0.000948012,0.000111721,0.994109,2.32463e-05,0.000774518,4.37382e-05
img_02602.jpg,0.844594,0.0760928,0.0105101,0.00351798,0.0214841,0.0165892,0.00725198,0.0199604
img_01538.jpg,0.810325,0.0499626,0.00162322,0.00161621,5.86164e-05,0.133089,0.00269644,0.000629132
img_02159.jpg,0.0894919,0.00491051,0.0223531,0.00747545,0.873995,0.000950199,0.000783055,4.12707e-05
img_06807.jpg,0.0233391,0.000748113,0.000495084,0.00152283,0.919306,0.00553678,0.0485172,0.000535391
img_06845.jpg,0.327424,0.234015,0.0445104,0.0212548,0.00570071,0.0139065,0.151915,0.201273
img_02734.jpg,0.616923,0.265978,0.0509748,0.00508939,0.0111155,0.0398858,0.00234913,0.00768504
img_02702.jpg,0.990351,0.000259298,0.00013001,0.000122209,0.0033178,0.000798183,0.000305734,0.00471585
img_02231.jpg,0.378467,0.0345911,0.0149387,0.0530855,0.386671,0.109489,0.0172668,0.00548987
img_07371.jpg,0.0103689,0.032797,0.681592,0.00208368,0.00172302,0.0180702,0.00305985,0.250305
img_01562.jpg,0.0030086,0.00103908,0.000209158,0.000444588,0.000569063,7.03392e-05,0.0612005,0.933459
img_07908.jpg,0.437292,0.0232881,0.0261909,0.177846,0.0380165,0.00871909,0.0216524,0.266995
img_05156.jpg,0.569797,0.000874431,0.000308495,0.000446078,0.00853303,0.416681,0.00305152,0.000308978
img_06555.jpg,0.486755,0.0785377,0.0700062,0.101352,0.136734,0.0552959,0.00549858,0.0658202
img_04323.jpg,0.0116737,0.00159642,0.000329395,0.0013175,0.951329,0.00323961,0.0301284,0.000386332
img_02838.jpg,0.6675,0.0354844,0.00316996,0.0138628,0.272108,0.00147713,0.000383598,0.00601406
img_06800.jpg,0.00275226,0.000217035,0.0037303,0.00564089,0.986955,0.000195869,0.0002802,0.000228279
img_06003.jpg,0.68939,0.0491736,0.00353078,0.00532278,0.0112428,0.0286345,0.0324588,0.180247
img_01966.jpg,0.921806,0.0662857,0.00344025,0.00177565,0.000687881,0.00142562,0.00194574,0.00263343
img_01426.jpg,0.287719,0.458252,0.00103008,0.00477225,0.000264073,0.0541453,0.0491653,0.144652
img_01688.jpg,0.502475,0.0332645,0.00418082,0.00278072,0.0106831,0.234295,0.0723399,0.139981
img_01031.jpg,0.534843,0.0203242,0.371708,0.00346366,0.00147265,0.0632647,0.00379213,0.00113078
img_04237.jpg,0.00013002,0.998342,8.51058e-05,0.000376181,0.00016106,0.000426009,0.00027107,0.000208464
img_06947.jpg,0.000224307,0.00209858,0.000651213,0.00152259,0.971737,0.000651081,0.000944037,0.0221715
img_06186.jpg,0.881784,0.0217361,0.0240206,0.00783105,0.0271872,0.0316294,0.0039287,0.00188283
img_02398.jpg,0.74863,0.00288562,0.000725833,0.00181041,0.0799923,0.115939,0.00466637,0.045351
img_06294.jpg,0.984729,0.00949124,7.76895e-05,0.000204443,0.00269916,0.00275502,9.70085e-06,3.3218e-05
img_07910.jpg,0.976001,0.0126396,0.00529161,0.000119217,0.00382728,0.00152786,0.000198939,0.0003945
img_05284.jpg,0.45927,0.456315,0.00123198,0.00525548,0.00495336,0.0330798,0.0156576,0.0242366
img_05209.jpg,0.691603,0.110408,0.166254,0.00773907,0.016934,0.00377896,0.00204678,0.00123555
img_00102.jpg,0.455505,0.0725462,0.00444815,0.00645254,0.0156894,0.163933,0.00595547,0.275471
img_07616.jpg,0.623873,0.0996689,0.156018,0.00799066,0.0440598,0.0223027,0.00982079,0.0362657
img_06616.jpg,0.442919,0.00962028,0.00521756,0.00340426,0.199984,0.150692,0.00702193,0.181141
img_07192.jpg,0.519457,0.00662269,0.00828646,0.00145408,0.435066,0.00580412,0.00209534,0.0212139
img_04888.jpg,0.986426,0.0025252,0.000192279,0.000298907,0.00360974,0.000430136,0.000256529,0.00626118
img_00375.jpg,0.272006,0.0811383,0.306051,0.0221963,0.294007,0.0237985,0.000776423,2.62793e-05
img_03283.jpg,0.00151575,0.0133411,0.0148861,0.0477699,2.09128e-05,0.00302649,0.000566825,0.918873
img_01511.jpg,0.894647,0.000980977,0.012472,0.00207563,0.00370537,0.0833258,0.00266908,0.000124141
img_01552.jpg,0.99732,0.00111698,0.000172856,3.56977e-05,0.000708447,0.000472791,9.03909e-05,8.30078e-05
img_03670.jpg,0.580606,0.00430261,0.0475258,0.0263833,0.28385,0.0202759,0.0255634,0.0114931
img_05950.jpg,0.892392,0.0531225,0.0305884,0.000604687,0.00690312,0.0103022,0.0043035,0.00178359
img_06475.jpg,0.48904,0.00871996,0.00180104,0.00786036,0.0295423,0.167241,0.0165427,0.279253
img_03588.jpg,0.0722683,0.000179011,0.000573,0.0032528,0.049739,0.822135,0.0508231,0.00102971
img_03974.jpg,0.503828,0.00130403,0.00588588,0.000569435,0.480894,0.00428912,0.000488566,0.00274103
img_04640.jpg,0.815379,0.00183961,0.000984215,0.00210115,0.0405353,0.132085,0.000483933,0.00659135
img_00280.jpg,0.118755,0.00221709,0.00637066,0.00211031,0.865792,0.00204675,0.00130443,0.00140445
img_03548.jpg,0.393189,0.0132513,0.0103405,0.00527787,0.010944,0.020379,0.113003,0.433616
img_07833.jpg,0.938241,0.0290297,0.000511686,0.000525845,0.00172793,0.0126154,0.00380451,0.0135437
img_07543.jpg,0.00415161,0.000645177,5.94143e-05,4.7118e-05,0.995021,1.10259e-05,4.09706e-05,2.40925e-05
img_02890.jpg,0.410037,0.0255274,0.0160335,0.00419153,0.00697682,0.532397,0.00477178,6.50453e-05
img_00484.jpg,0.561378,0.154081,0.0430193,0.048641,0.00502884,0.00617487,0.120229,0.0614478
img_01627.jpg,0.969768,0.00156479,0.000653602,0.000174907,2.80673e-05,0.0265152,0.000896737,0.000398845
img_07278.jpg,0.977767,0.00863235,0.000215438,0.00036202,0.00507183,0.00228031,0.000123657,0.00554729
img_03116.jpg,9.3407e-07,0.0518948,0.0350099,0.00227154,0.798812,2.4791e-05,0.00125215,0.110734
img_02307.jpg,0.221281,0.0781619,0.0044675,0.00716671,0.242268,0.0211263,0.0459784,0.37955
img_05085.jpg,0.233245,0.00425185,0.00661323,0.010753,0.72245,0.00184978,0.00272574,0.0181115
img_05393.jpg,0.372562,0.236903,0.00160288,0.00990515,0.000163675,0.0644041,0.0936841,0.220774
img_05654.jpg,0.853067,0.00115449,0.00030562,0.0134019,1.74597e-05,0.128936,0.00242753,0.000690465
img_07921.jpg,0.0031708,0.000275579,3.67131e-06,0.000194503,3.40974e-05,0.99601,0.000126377,0.000184791
img_05440.jpg,0.831359,0.0613153,0.0553268,0.0260482,0.0176481,0.00517182,0.00193576,0.00119485
img_04272.jpg,0.891592,0.00426415,0.000630604,0.000311178,0.0414265,0.0018943,0.00225369,0.0576281
img_07792.jpg,0.364964,0.164051,0.0093142,0.00480315,0.024966,0.202876,0.00161182,0.227413
img_00921.jpg,0.607871,0.00519554,0.00254987,0.00418044,0.0941476,0.11527,0.0233572,0.147429
img_02651.jpg,0.978421,0.000448681,0.00802404,0.000152376,0.0120452,0.000101189,0.000125905,0.000681122
img_04263.jpg,0.911011,0.00167259,0.00036431,0.00122309,0.0662852,0.0144311,0.00255297,0.00245969
img_02546.jpg,0.216853,0.17153,0.00578266,0.00867627,0.184041,0.00405568,0.0137775,0.395284
img_03239.jpg,8.80975e-08,0.000141033,7.05201e-06,1.48885e-05,1.78339e-05,2.58178e-05,0.99971,8.33646e-05
img_07045.jpg,0.434155,0.00625999,0.00148471,0.000912304,0.353119,0.000234784,0.00292587,0.200908
img_00587.jpg,0.714456,0.0144568,0.00150429,0.00154046,0.0106635,0.0857927,3.39552e-05,0.171552
img_01983.jpg,0.191283,0.0186642,0.0832232,0.019164,0.453493,0.23285,0.000882396,0.00044075
img_05743.jpg,0.390187,0.0855624,0.0654319,0.00318251,0.0124834,0.430193,0.0128745,8.50774e-05
img_02066.jpg,0.438927,0.0410891,0.021157,0.00947659,0.29676,0.156006,0.0141323,0.0224513
img_02252.jpg,0.660499,0.000508584,0.00024431,0.000445303,0.326884,3.12624e-05,0.000587717,0.0108003
img_06426.jpg,0.762807,0.0104336,0.000820368,0.000604907,0.00760252,0.00140564,0.00281418,0.213512
img_05548.jpg,0.963943,0.000347532,0.000794206,0.00942262,1.19709e-05,0.0244552,0.000869258,0.000155712
img_07213.jpg,0.0640006,0.309609,0.391867,0.0126843,0.0510087,0.149941,0.0185041,0.00238542
img_02281.jpg,0.000309015,0.0299959,0.0223237,0.920298,0.00242951,0.00276488,0.000684922,0.0211939
img_03069.jpg,0.0929121,0.0750732,0.00170784,0.130063,0.000518565,0.0949774,0.00426416,0.600484
img_06203.jpg,0.34996,0.00373592,0.00569987,0.00134983,0.104417,0.0344971,0.148153,0.352187
img_04642.jpg,0.378994,0.0108657,0.000694492,0.00140738,0.599375,0.00221334,0.00102548,0.00542501
img_05835.jpg,0.653939,0.0833914,0.00847288,0.0173634,0.219564,0.00427414,0.000486368,0.0125085
img_06658.jpg,0.0804539,0.000481639,0.000233352,0.0012021,0.000478779,0.278962,0.0417016,0.596487
img_03602.jpg,0.137266,0.00321742,0.00289713,0.00403013,0.163359,0.640323,0.0427036,0.00620372
img_06902.jpg,0.313936,0.00166554,0.00420047,0.00564867,0.664336,0.000611873,0.00128649,0.00831457
img_07068.jpg,0.242888,0.122944,0.008686,0.00396805,0.0341967,0.0705529,0.188034,0.32873
img_05293.jpg,0.0269124,0.264787,0.00190037,0.289762,0.00816068,0.199213,0.0740776,0.135186
img_03471.jpg,0.00138882,0.000437752,0.00363031,0.943865,0.00019335,0.000920834,0.00198333,0.0475803
img_01102.jpg,0.133911,0.20842,0.192998,0.0484172,0.0597839,0.000904038,0.00834919,0.347217
img_00483.jpg,0.964343,0.00581581,0.000683263,0.000557923,0.0065037,0.000333601,0.00268584,0.0190764
img_04044.jpg,0.860297,0.00149722,0.0120745,0.0032993,0.118237,0.00105294,0.00249694,0.00104483
img_01388.jpg,0.55948,0.0699166,0.00207889,0.00183127,0.00462533,0.346853,0.00293608,0.0122782
img_07094.jpg,0.980133,0.00220469,0.000631714,0.000288765,0.00223329,8.12673e-05,0.000788216,0.0136394
img_02074.jpg,0.850139,0.0655918,0.00579626,0.0308955,0.020366,0.0262771,0.000469818,0.000464643
img_03312.jpg,0.923459,0.0162075,0.000757562,0.00043518,1.44882e-05,0.042236,0.00312927,0.0137611
img_05640.jpg,0.832277,0.0110939,0.0122004,0.00762666,0.0915249,0.0123219,0.00692069,0.0260347
img_01204.jpg,0.00157954,0.983145,3.23912e-05,3.4919e-05,0.00351174,4.23983e-05,0.00968225,0.00197172
img_05915.jpg,0.00213553,0.00535165,0.538854,0.00161522,0.000394106,0.0402741,0.0036117,0.407763
img_02556.jpg,0.434726,0.00813159,0.00071742,0.00092714,0.00194112,0.00185719,0.00066909,0.55103
img_04410.jpg,0.575586,0.0777683,0.07713,0.0494577,0.016742,0.194277,0.00266482,0.00637408
img_01059.jpg,0.618414,0.0151994,0.000914603,0.0013769,0.00114545,0.216394,0.0381216,0.108434
img_07060.jpg,0.361806,0.0161691,0.0289249,0.0167755,0.000646374,0.326405,0.0107811,0.238492
img_05211.jpg,0.259474,0.0558746,0.00347688,0.00942896,0.176261,0.00936409,0.0241614,0.461959
img_02974.jpg,0.852074,0.00695198,0.000649256,0.0053985,0.0634308,0.000415038,0.000960791,0.0701195
img_03866.jpg,0.762657,0.014554,0.000999361,0.00747967,0.033549,0.139694,0.00399016,0.0370776
img_00948.jpg,0.120912,0.00774916,0.00735065,0.0148342,0.803983,0.00182829,0.00269292,0.0406496
img_02299.jpg,0.13739,0.293269,0.0381863,0.0658969,0.00012665,0.270845,0.00753924,0.186746
img_06611.jpg,0.000218925,0.136168,0.209701,0.00371828,0.0200256,0.0026467,0.00124414,0.626278
img_01976.jpg,0.948985,0.00208178,9.99079e-05,0.000502766,0.00165081,0.00255969,0.000610043,0.0435099
img_02522.jpg,0.918349,0.011954,0.00602288,0.0191214,0.0164576,0.00990175,0.00617224,0.0120211
img_07146.jpg,0.0649638,0.00119896,0.00148114,0.00379483,0.840858,0.00494433,0.0728866,0.0098722
img_02194.jpg,0.830247,0.00512604,0.000377846,0.000624056,0.147856,0.01447,0.000907615,0.000391297
img_01955.jpg,0.000164642,0.000161763,0.000562473,0.000143329,0.000248736,0.000214156,0.000693065,0.997812
img_00120.jpg,0.0158261,0.0029966,0.000286972,0.000777959,0.0018206,0.000175414,0.0695576,0.908559
img_04156.jpg,0.290936,0.00621675,0.502668,0.00489468,0.00876778,0.168662,0.0108073,0.00704689
img_00053.jpg,0.772412,0.00341434,0.0987947,0.0240326,0.0165807,0.00239363,0.0310989,0.0512728
img_01366.jpg,0.218625,0.0637943,0.0789841,0.00386254,0.00649367,0.621593,0.00661243,3.51366e-05
img_02857.jpg,0.140895,0.172348,0.00537273,0.00188624,0.665421,0.00401072,0.00422918,0.00583659
img_06147.jpg,0.408852,0.117452,0.0133934,0.0169411,0.0207741,0.0122751,0.219346,0.190967
img_01646.jpg,0.878586,0.0100457,0.0128677,0.0596553,0.00163056,0.0117054,0.0242576,0.00125193
img_00493.jpg,0.120959,0.0367366,0.0299221,0.0249243,0.62921,0.154049,0.00120142,0.00299849
img_04306.jpg,0.957796,0.00390653,0.00113185,0.000685539,0.000162922,0.000335926,0.00116576,0.0348153
img_03333.jpg,0.454509,0.00203387,0.00026744,0.00108335,0.018865,0.496392,0.022717,0.00413232
img_01413.jpg,0.924037,0.00269345,0.00333728,0.00220336,0.0630465,0.00242604,0.000761466,0.00149518
img_00894.jpg,0.155255,0.017598,0.0150505,0.00101977,0.784741,0.00116546,0.000705683,0.0244653
img_00667.jpg,0.00546091,0.984379,2.29927e-05,2.45227e-05,0.00385565,4.52021e-05,0.00367064,0.0025411
img_05046.jpg,0.115336,0.0771137,0.00197024,0.00482711,0.291436,0.0164214,0.048992,0.443904
img_04425.jpg,0.784201,0.139667,0.00322847,0.00367681,0.0149356,0.0129288,0.00389232,0.0374704
img_02789.jpg,0.00356277,0.000117917,0.00415785,0.000695124,0.971921,0.000544986,0.0189855,1.44376e-05
img_05508.jpg,0.723465,0.0132134,0.00246705,0.00616086,0.011749,0.00166122,0.0036228,0.237661
img_04257.jpg,0.325267,0.0140204,0.00103687,0.00217319,0.646439,0.000896507,0.00101733,0.00914953
img_07467.jpg,0.949979,0.0115836,0.000195156,0.000916956,0.0305653,0.00218809,0.000338115,0.00423417
img_03847.jpg,0.0386822,0.143285,0.00297832,0.0823926,0.016045,0.692094,0.00509684,0.0194265
img_00914.jpg,0.0014922,0.0677461,0.0261956,0.00235356,0.0077714,0.0209143,0.00446063,0.869066
img_04415.jpg,0.516145,0.0207823,0.00968961,0.0123909,0.0898516,0.110352,0.0465044,0.194284
img_01537.jpg,0.943625,0.00161709,0.00231475,0.000814141,0.00297592,0.0465057,0.00166414,0.000483171
img_07156.jpg,0.608746,0.00123502,0.00309218,0.000669992,0.0012297,0.37955,0.00532014,0.000156792
img_05021.jpg,0.00825113,0.000118264,1.11615e-05,7.53874e-05,0.990886,4.3788e-05,0.000525901,8.84954e-05
img_00855.jpg,0.77565,0.00425805,0.0850599,0.0542089,0.00223729,0.0106424,0.00615135,0.061792
img_03370.jpg,0.967096,0.000142107,2.49941e-05,9.83684e-05,0.00129031,0.00187274,4.37021e-05,0.029432
img_07508.jpg,0.192143,0.0835844,0.0575723,0.0188601,0.158355,0.0346089,0.372089,0.0827876
img_02699.jpg,0.262073,0.00156915,0.00315602,0.00658659,0.549624,0.00445859,0.035614,0.136918
img_05754.jpg,0.263882,0.00185757,0.0230507,0.00717358,0.128074,0.513904,0.0550136,0.00704552
img_05768.jpg,0.0014312,0.000629063,0.00031942,0.00057881,0.000608967,0.000145172,0.0629733,0.933314
img_07173.jpg,0.00387192,0.00060817,5.68376e-05,0.00278773,3.43634e-05,0.00178675,0.00154677,0.989307
img_02422.jpg,0.800044,0.0257999,0.0029191,0.00503031,0.0085026,0.107545,0.00295563,0.0472041
img_07757.jpg,0.273108,0.0042977,0.00924681,0.00199956,0.642956,0.0019587,0.00539752,0.0610358
img_07183.jpg,0.00677639,0.278813,0.00337528,0.0580327,0.0137472,0.16965,0.0075058,0.4621
img_01441.jpg,0.000831078,0.00489841,0.00190241,0.00129081,0.00113764,0.00581403,0.0372731,0.946853
img_07179.jpg,0.00812563,6.04023e-05,2.9123e-05,0.000197468,0.991518,1.8342e-05,4.27553e-05,7.82365e-06
img_02641.jpg,0.961257,0.00133579,0.00574115,0.00492409,0.00528969,0.013115,0.00319925,0.00513863
img_01177.jpg,0.688319,0.000896816,0.0330712,0.0242808,0.21385,0.0227019,0.00894998,0.00793024
img_02964.jpg,0.000100041,0.00502589,0.00435842,0.000637567,9.09171e-05,0.000834943,0.000390743,0.988561
img_07448.jpg,0.646596,0.0254774,0.0647803,0.124461,0.00655079,0.0346201,0.011407,0.0861076
img_05735.jpg,0.264784,0.157873,0.00482552,0.0236819,0.0432573,0.25471,0.00259566,0.248273
img_03739.jpg,0.000331779,0.0120447,0.0801718,0.000391197,0.000303759,0.00589371,0.000477617,0.900385
img_01685.jpg,0.172323,0.131333,0.0657732,0.00765758,0.411862,0.202238,0.00787194,0.000942378
img_06368.jpg,0.127471,0.156429,0.19197,0.0141531,0.15515,0.347562,0.00703171,0.000232899
img_07237.jpg,0.53949,0.089582,0.00381651,0.0130524,0.000217416,0.18508,0.0174382,0.151324
img_02268.jpg,0.839478,0.00569131,0.00767293,0.061925,0.0353806,0.0179303,0.00336836,0.0285539
img_01888.jpg,0.0079685,0.000970844,1.26966e-05,0.000515183,2.20471e-05,0.990146,0.000111295,0.000253515
img_05076.jpg,0.477016,0.013651,0.00119905,0.00127398,0.00410156,0.00887005,0.000677169,0.493211
img_05657.jpg,0.263284,0.00900671,0.0125245,0.00283906,0.649169,0.00383529,0.00544985,0.0538915
img_05580.jpg,0.0685544,0.0303215,0.00107503,0.000861904,0.00192778,0.000934228,0.0574643,0.838861
img_04183.jpg,0.395013,0.00736605,0.000409507,0.00243609,0.00302926,0.0381542,0.00112222,0.552469
img_00027.jpg,0.787463,0.01192,0.0018538,0.00265452,0.00639358,0.179245,0.000100938,0.0103683
img_02270.jpg,0.616795,0.109198,0.134962,0.00539228,0.0766229,0.0377478,0.00587701,0.0134062
img_02077.jpg,0.268286,0.0029063,0.0140054,0.348831,0.00304004,0.360047,0.00285712,2.60601e-05
img_00358.jpg,0.359383,0.0149059,0.00265783,0.00884281,0.0187619,0.112029,0.00882057,0.474599
img_00119.jpg,0.0107931,0.972638,0.000142907,0.000194265,0.00424187,3.16115e-05,0.00826286,0.00369561
img_02842.jpg,0.0984331,0.00282891,0.00412536,0.00474574,0.10975,0.714134,0.0611546,0.00482796
img_07352.jpg,0.913583,0.00597514,6.61585e-05,0.000822128,0.0110205,0.000194309,0.000685048,0.0676533
img_02078.jpg,0.127192,0.0162099,0.179458,0.0146479,0.569254,0.0005446,0.000700727,0.091994
img_07103.jpg,0.977211,0.00743781,0.000115489,0.000546525,0.0101347,0.00170944,0.000196186,0.00264886
img_01213.jpg,0.852523,0.0371821,0.00233989,0.0127828,0.00368899,0.00887727,0.0045889,0.0780173
img_06311.jpg,0.711444,0.0186218,0.00122905,0.000942517,0.00160058,0.262534,0.0020439,0.00158443
img_05434.jpg,0.0563596,0.000384645,0.0108083,0.000640597,0.929287,0.00240056,9.82249e-05,2.06421e-05
img_00777.jpg,0.787351,0.00274367,0.00184708,0.000618052,0.00118488,0.203179,0.00288871,0.000186617
img_03475.jpg,0.00606648,0.000510133,0.000372346,0.000437615,0.992294,9.61635e-06,9.36813e-05,0.000215918
img_06893.jpg,0.248881,0.00282317,0.00422521,0.00504574,0.350023,0.0485116,0.0266882,0.313802
img_03628.jpg,0.969371,0.00509026,0.000255413,0.000686318,0.0173438,0.00122301,0.00162647,0.00440381
img_05572.jpg,0.047119,0.0087803,0.000516647,0.000310716,0.000421721,0.00120692,0.206094,0.735551
img_07354.jpg,0.955174,0.00357646,0.000110394,0.000700984,0.0267472,0.000408073,0.00117053,0.0121126
img_03082.jpg,0.782037,0.197059,0.00016936,0.0193118,0.000462063,0.000409074,0.000321057,0.000231506
img_07678.jpg,0.0200404,0.00516009,0.004672,0.96357,0.000832473,0.00221259,0.000913584,0.00259897
img_00730.jpg,0.0797526,0.00103786,0.000116765,0.000559681,0.000342009,0.000308225,0.00110347,0.91678
img_05269.jpg,0.579954,0.00341247,0.00167721,0.000745707,0.357792,0.000249128,0.00156879,0.0546002
img_02406.jpg,0.20482,0.0037385,0.00481084,0.505261,0.00103228,0.277775,0.00253583,2.71125e-05
img_06259.jpg,1.37099e-06,0.000531376,0.00364568,0.000196759,3.67939e-06,0.00279846,0.000464119,0.992359
img_00164.jpg,0.0275711,0.00509976,0.0141376,0.00368432,0.868438,0.00680089,0.00108272,0.0731855
img_04766.jpg,0.748262,0.0112055,0.00138972,0.00220245,0.0234903,0.00187142,0.0646025,0.146976
img_03928.jpg,0.195593,0.409827,0.053204,0.0340391,0.0531595,0.0166097,0.136422,0.101146
img_05584.jpg,0.0808673,0.62122,0.229599,0.00433173,0.0232504,0.0022357,0.00150476,0.0369917
img_00889.jpg,0.00171578,0.00566115,0.178231,0.00441597,0.000407232,0.0688515,0.00183832,0.738879
img_02565.jpg,0.481008,0.0352185,0.0129292,0.0130461,0.178356,0.0753173,0.0248036,0.179321
img_05731.jpg,0.0304254,0.000374681,1.06553e-05,0.000264234,0.96765,0.000518613,0.00041181,0.000344467
img_07580.jpg,0.00255996,0.478585,0.0012443,0.0388985,0.0123063,0.00810954,0.0143257,0.443971
img_00128.jpg,0.00162845,0.471285,0.333947,0.0017785,0.0037193,0.00795559,0.00111305,0.178573
img_02799.jpg,0.967211,0.00719367,0.000146148,0.00069856,0.0199336,0.00194056,0.000277095,0.00259931
img_04482.jpg,0.852834,0.00853982,0.00427541,0.0117486,0.000265015,0.120819,0.00113481,0.000383132
img_00383.jpg,0.980933,0.0049057,9.39435e-05,0.000575992,0.00916223,0.00176593,0.000198445,0.00236421
img_04240.jpg,0.160538,0.0015696,0.00187855,0.00150207,0.082809,0.0318227,0.0786603,0.64122
img_06371.jpg,0.00159466,0.991154,0.000318363,0.000145872,2.76016e-05,0.00127528,0.000837506,0.00464715
img_05953.jpg,0.106561,0.0218368,0.314038,0.00897373,0.184711,0.234265,0.0451733,0.0844417
img_03563.jpg,0.558264,0.182675,0.00119196,0.211297,0.00288541,0.00229745,0.00256331,0.0388259
img_00902.jpg,4.80518e-08,0.000259972,9.90788e-06,1.51679e-05,7.74061e-06,1.97373e-05,0.999534,0.000153567
img_04461.jpg,0.83215,0.00528644,0.016276,0.0970874,0.0153834,0.00466966,0.00836552,0.020782
img_06144.jpg,0.0125748,0.0308787,0.524761,0.00489451,0.065177,0.0153139,0.0250148,0.321386
img_00518.jpg,0.646648,0.00289156,0.0178724,0.0197882,0.109126,0.0300014,0.0936617,0.0800106
img_01681.jpg,0.136332,0.00227303,0.000455561,0.00111517,0.00252711,0.00214982,0.000437999,0.854709
img_03342.jpg,0.812652,0.021351,0.0015024,0.00111187,0.00688435,0.0752721,1.8313e-05,0.0812084
img_05979.jpg,0.204137,0.00173527,0.00318539,0.00117378,0.783643,0.00399982,0.000980861,0.00114478
img_00780.jpg,0.00932252,0.159366,0.14321,0.000993826,0.00220962,0.503627,0.00814098,0.17313
img_02920.jpg,0.603179,0.0502482,0.0238928,0.00290459,5.21387e-05,0.30377,0.00493766,0.011015
img_07434.jpg,0.0119597,0.000548818,0.000524759,0.00012761,0.986273,0.000233971,0.000210034,0.000121807
img_05563.jpg,0.632327,0.0382018,0.00288209,0.00222299,0.0003397,0.218456,0.0220675,0.0835031
img_04127.jpg,0.0465315,0.00111721,0.000471422,0.00369037,0.00228616,0.394507,0.072075,0.479321
img_01802.jpg,0.583099,0.0587668,0.00530666,0.00480116,0.181404,0.145011,0.00392374,0.0176877
img_03043.jpg,0.00345404,0.0091952,0.570851,0.00155784,0.00173602,0.322875,0.0157336,0.0745973
img_05074.jpg,0.0955429,0.00123221,0.00100537,0.000597363,0.897683,0.00281803,0.000758363,0.000363228
img_03992.jpg,0.0204236,0.528004,0.0263644,0.00310937,0.343517,0.00168491,0.00740828,0.0694882
img_03261.jpg,0.335381,0.304682,0.204432,0.0540663,0.0220379,0.0305525,0.00344883,0.0453991
img_06189.jpg,0.752482,0.0367032,0.0149273,0.00752827,0.0438683,0.114506,0.0158416,0.014143
img_04726.jpg,4.81834e-06,0.00407592,0.00149557,0.000577578,0.984708,0.000473495,0.000873608,0.00779081
img_02291.jpg,0.676391,0.280012,0.0198311,0.000468941,0.00956461,0.00803994,0.00260767,0.00308462
img_04118.jpg,0.666224,0.0627234,0.00112688,0.00292625,0.00163012,0.254285,0.00150769,0.00957709
img_06510.jpg,0.871183,0.00349823,0.00124048,0.000398528,0.116106,0.0010651,0.00117714,0.00533094
img_03490.jpg,0.180967,0.247893,0.0179824,0.00493085,0.142387,0.0199108,0.0071274,0.378801
img_03801.jpg,0.933604,0.00707624,0.00127005,0.00147628,0.00210027,0.000922543,0.00159384,0.0519568
img_05792.jpg,0.97115,0.000362338,0.000138604,0.000847198,0.00835305,0.00632941,0.000833132,0.0119864
img_04261.jpg,0.790088,0.170598,0.000225154,0.036765,0.00112782,0.000277014,0.000419757,0.000498871
img_00765.jpg,0.0158064,0.00210254,1.36208e-05,0.000365396,4.44865e-05,0.980893,0.00017387,0.000600546
img_04386.jpg,0.424461,0.0121548,0.0134586,0.00594252,0.0780116,0.161629,0.00930205,0.295041
img_04705.jpg,4.13641e-05,0.0683457,0.732002,0.00220551,0.037086,0.00106861,0.000907936,0.158343
img_06401.jpg,0.0155061,0.00108075,0.00477145,0.0029034,0.971942,0.000423246,0.000758829,0.00261376
img_03439.jpg,0.739582,0.0136175,0.00765845,0.0851662,0.0155355,0.129523,0.00510507,0.00381215
img_05603.jpg,0.795956,0.0642429,0.0497105,0.00405745,0.0290046,0.0422547,0.00533095,0.00944315
img_04478.jpg,0.979759,0.00177727,0.0170723,0.000669557,0.000176621,0.000410734,9.85032e-05,3.60965e-05
img_00833.jpg,0.289581,0.00158234,0.000711291,0.00395093,0.0100888,0.113739,0.0566745,0.523672
img_00718.jpg,0.659711,0.00154337,0.000894976,0.00129331,0.00217258,0.330213,0.00293379,0.0012378
img_06059.jpg,0.00022231,0.000208592,9.38928e-05,0.000130368,0.999217,8.06193e-06,0.000119629,5.13102e-07
img_05139.jpg,9.91284e-05,0.00184513,0.108233,0.00629951,0.000319145,0.032144,0.0027567,0.848303
img_04585.jpg,2.2884e-05,0.000651166,0.00183989,0.000420439,0.996866,1.91239e-05,7.00038e-05,0.000110118
img_02977.jpg,0.180903,0.382396,0.00356158,0.00159032,0.423674,0.000923602,0.0021104,0.00484101
img_01963.jpg,0.985959,0.00518475,4.79255e-05,0.000537608,0.00461612,0.0023419,0.000306393,0.00100616
img_05653.jpg,0.0376467,0.709532,0.0120262,0.00276344,0.000728059,0.00959862,0.0966595,0.131046
img_07147.jpg,5.01432e-08,0.000134235,1.89822e-05,7.06046e-05,0.999748,2.13326e-05,4.16128e-06,2.39688e-06
img_02808.jpg,0.891822,0.0499542,0.00320084,0.00184399,0.00623709,0.04647,0.000289937,0.000181906
img_02956.jpg,0.556406,0.0145684,0.00113035,0.00526156,0.00511698,0.0358578,0.0111405,0.370519
img_00582.jpg,0.515786,0.221906,0.0445875,0.0217712,0.0102445,0.155493,0.00458732,0.0256245
img_03711.jpg,0.818388,0.00703946,0.0454044,0.00607106,0.0943517,0.0106744,0.00260113,0.0154701
img_02636.jpg,0.511458,0.0353125,0.00246609,0.00129997,0.384829,0.000596905,0.0542262,0.00981104
img_04830.jpg,0.679508,0.00104264,0.00547534,0.0148306,0.282912,0.00626685,0.00527928,0.00468544
img_05516.jpg,0.914764,0.0391668,0.00153845,0.000933672,0.00269833,0.00778685,0.00718185,0.0259301
img_04723.jpg,0.00150455,0.00291187,0.622097,0.00215006,0.0022965,0.00653123,0.000914114,0.361594
img_05828.jpg,0.929534,0.00231026,0.000166979,0.00164853,0.0500435,0.0138209,0.00229353,0.000182578
img_03078.jpg,0.258817,0.519169,0.117637,0.075321,0.00141039,0.0252722,0.00227383,9.95659e-05
img_02638.jpg,0.421091,0.114014,0.00270658,0.00196393,0.00064922,0.00658231,0.0164321,0.436561
img_01657.jpg,2.2044e-07,5.03163e-05,0.993155,0.00023241,4.87939e-05,0.00138925,0.000122922,0.00500111
img_07469.jpg,0.00167314,0.00406474,0.0887035,0.00213182,0.000454102,0.0340666,0.00199325,0.866913
img_04013.jpg,0.00154366,0.549631,0.000594387,0.024387,0.00503329,0.0222119,0.0104845,0.386114
img_04369.jpg,0.369138,0.00561845,0.00133973,0.00217384,0.00310345,0.604204,0.0135594,0.000862568
img_07505.jpg,0.967795,0.00430364,0.00353711,0.000459707,0.0191657,0.00179839,0.000296694,0.00264393
img_07330.jpg,0.928267,0.0078888,0.00139792,0.00033376,0.00473775,0.0087261,0.00759829,0.0410502
img_00170.jpg,0.658942,0.00417999,0.00691035,0.0997551,0.0059746,0.21849,0.00304878,0.00269898
img_04546.jpg,0.00688394,0.17308,0.22374,0.000523249,0.000277582,0.0347154,0.00203193,0.558748
img_07044.jpg,0.16709,0.00290021,0.0338978,0.00660736,0.004914,0.000161962,0.00377005,0.780658
img_06860.jpg,0.0114652,0.00933589,0.000523733,0.000530315,0.975391,0.00193399,0.0001273,0.000692601
img_07818.jpg,0.967762,0.00826519,0.000156259,0.000688283,0.0190683,0.00184937,0.000231572,0.00197898
img_03454.jpg,0.606682,0.00326958,0.025245,0.0210304,0.299464,0.0249992,0.0176402,0.00166999
img_03726.jpg,0.00091466,0.442395,0.00126413,0.0561697,0.022171,0.0324951,0.0107508,0.43384
img_00212.jpg,0.00128431,0.000749265,7.8804e-05,0.00525992,9.16411e-05,0.00383344,0.000757449,0.987945
img_06663.jpg,0.010027,0.00825092,0.00990095,0.918169,0.0015193,0.036359,0.0011586,0.0146156
img_05276.jpg,1.0204e-05,0.00349137,0.0011689,0.000647011,0.991129,0.000670611,0.000151273,0.00273187
img_07594.jpg,0.14107,0.00937826,0.000724594,0.000619897,0.00629932,0.000952917,0.00918257,0.831772
img_01142.jpg,0.965776,0.000300153,0.00487003,0.00115193,0.0181535,0.0025284,0.00362195,0.00359757
img_01035.jpg,0.885231,0.0023551,0.00143989,0.000489922,0.00143018,0.106774,0.00217786,0.000102677
img_04554.jpg,0.971793,0.00109244,0.00108624,0.000861987,0.0106187,0.00206048,0.00902327,0.00346352
img_00543.jpg,0.983605,0.00952511,0.000114245,0.000227288,0.0030603,0.00115719,6.81024e-05,0.00224313
img_02769.jpg,0.0219677,0.047747,0.664827,0.00126273,0.00115682,0.0182301,0.00306506,0.241744
img_03210.jpg,0.000185165,0.00668055,0.00306542,0.00167541,0.000134398,0.00247968,0.00121154,0.984568
img_02679.jpg,0.0634335,0.192581,0.24026,0.0124724,0.179045,0.000671114,0.0139969,0.29754
img_03199.jpg,0.7948,0.0141638,0.000732441,0.0016114,0.00954887,0.00331777,0.0260248,0.149801
img_07110.jpg,0.875666,0.00249111,0.0023019,0.000866569,0.00425699,0.108311,0.00405571,0.00205056
img_05718.jpg,0.00154015,0.347186,0.00174641,0.0695335,0.0258659,0.0494613,0.0115866,0.493081
img_07623.jpg,0.767769,0.0340315,0.00582522,0.00357642,0.154393,0.000573077,0.0086483,0.025183
img_02889.jpg,0.788912,0.0223955,0.0369126,0.0567839,0.067067,0.0139193,0.00383756,0.0101723
img_04860.jpg,0.983725,0.000991885,0.000348966,0.0016377,0.00733404,0.00464438,0.000749078,0.000569065
img_04856.jpg,0.87626,0.00891323,0.0151682,0.0106962,0.0566677,0.0168712,0.00266643,0.0127571
img_02865.jpg,0.0175086,0.972689,3.50381e-05,4.02041e-05,0.00357205,6.47426e-05,0.00290728,0.00318276
img_04990.jpg,0.00870533,0.00165493,0.000171383,0.000371949,0.000276251,9.1215e-05,0.0555769,0.933152
img_07137.jpg,0.855751,0.0441679,0.0108696,0.00461524,0.0553202,0.0027398,0.00946843,0.0170674
img_00289.jpg,0.333726,0.00105275,0.000294374,0.00171834,0.660243,0.00144283,0.000986219,0.000536586
img_00575.jpg,0.512044,0.00238819,0.00127545,0.002584,0.0456546,0.0737532,0.101157,0.261143
img_04408.jpg,0.533435,0.212883,0.00178762,0.208762,0.00420163,0.00323157,0.00990091,0.0257979
img_05433.jpg,0.623506,0.00202394,0.00108071,0.00493055,0.0148399,0.289364,0.00279406,0.061461
img_03260.jpg,0.9506,0.00218048,0.00187813,0.000882857,0.0202856,0.0212396,0.00120242,0.00173133
img_05292.jpg,0.765343,0.00466693,0.000776307,0.00064839,0.00879759,0.15248,3.0353e-05,0.0672572
img_04661.jpg,0.851188,0.0259073,0.00141392,0.002025,0.00350581,0.113703,0.00177035,0.000486642
img_02726.jpg,0.0679114,0.0333711,0.126862,0.022224,0.603019,0.145501,0.000805233,0.0003063
img_04752.jpg,0.278685,0.00500863,0.0116934,0.433881,0.000802593,0.265822,0.00405987,4.78417e-05
img_07689.jpg,0.0110952,0.00772429,0.0234157,0.926421,0.0046425,0.0146623,0.000678636,0.0113605
img_07065.jpg,0.00235752,0.51297,0.00111056,0.0295689,0.00723005,0.0203466,0.00694537,0.419471
img_05236.jpg,0.463766,0.181054,0.00434036,0.00626978,0.00705955,0.117915,0.000549723,0.219046
img_00018.jpg,0.921347,0.000522676,0.000535085,0.00080547,0.000554639,0.0406009,0.00152343,0.0341112
img_00005.jpg,0.000576002,7.21817e-05,0.000600016,0.000158293,0.998034,4.23961e-05,0.000502272,1.48103e-05
img_05038.jpg,0.780395,0.00696925,0.00192362,0.000820277,0.0114682,0.0041802,0.0113091,0.182935
img_02646.jpg,0.000171157,0.00367716,0.000804134,0.00094672,0.0011128,0.113425,0.00358627,0.876276
img_05341.jpg,0.942267,0.00397287,0.00221001,0.000686778,0.0424201,0.00603404,0.000422411,0.00198688
img_06549.jpg,0.977391,0.00380916,0.000289162,0.000470969,0.00102012,0.0151224,0.00161862,0.000278569
img_06684.jpg,0.987809,0.00238404,0.000132643,0.000222493,7.38602e-05,0.00826156,0.00068992,0.000426907
img_05410.jpg,0.000123599,0.00305219,0.0151725,0.000446795,0.000451027,0.0122335,0.000861319,0.967659
img_03892.jpg,0.0611218,0.00677424,0.010256,0.00590349,0.0202331,0.395064,0.165769,0.334879
img_00538.jpg,0.858992,0.00105504,0.00470309,0.0248436,0.000991819,0.0194752,0.011614,0.0783254
img_00664.jpg,0.987132,0.00345004,0.00311099,0.000130907,0.00537746,0.00055241,0.000140455,0.000105384
img_05459.jpg,0.286674,0.314891,0.0214737,0.0144599,0.0118935,0.0348497,0.004439,0.311319
img_04921.jpg,0.108526,0.000976458,0.00772957,0.00512551,0.033071,0.770706,0.0653624,0.0085036
img_05673.jpg,0.694807,0.0991741,0.053944,0.00490215,0.0253709,0.11504,0.00376129,0.00300086
img_04004.jpg,0.757421,0.00651051,0.00558966,0.00197256,0.0085786,0.213545,0.00194591,0.00443691
img_05439.jpg,0.982005,0.000628257,0.00023038,0.00120251,0.0104672,0.00408801,0.000863694,0.000515146
img_05682.jpg,0.0544708,0.0051084,0.00355797,0.00744228,0.0472902,0.0332514,0.0524509,0.796428
img_01995.jpg,0.00875069,0.212263,0.00363867,0.0753859,0.0225127,0.208129,0.0081454,0.461175
img_01669.jpg,0.0969087,0.0159025,0.0548904,0.780786,0.00476113,0.0456892,0.000877516,0.000184659
img_05568.jpg,0.835389,0.0821837,0.000917593,0.00843352,0.0515931,0.00187526,0.00119196,0.0184159
img_06909.jpg,0.882034,0.0923137,0.0168753,0.00361778,0.000449565,0.00394309,0.000459846,0.000306844
img_00442.jpg,8.83784e-07,0.000481032,0.000809505,7.47031e-05,5.31366e-07,0.000366733,0.000105023,0.998161
img_06099.jpg,0.542052,0.121794,0.0158923,0.00232907,0.294746,0.0047702,0.00492197,0.0134934
img_03238.jpg,0.811179,0.00373868,0.000527191,0.00209675,0.0279464,0.0782723,0.00410453,0.0721356
img_06324.jpg,0.706017,0.0511344,0.00429584,0.0459918,0.00564053,0.0959289,0.00950485,0.0814869
img_02372.jpg,0.000812272,0.00011522,0.000220894,0.000528832,0.99749,0.000290296,0.000432482,0.000110067
img_01724.jpg,0.872257,0.00142432,0.00349156,0.00115019,0.00794516,0.110086,0.00308783,0.000558237
img_00724.jpg,0.0444992,0.0106582,0.00339469,0.0336482,0.00518394,0.0477894,0.621388,0.233438
img_00837.jpg,0.796964,0.0245419,0.00744861,0.0117515,0.0774389,0.0607993,0.0182751,0.00278028
img_02347.jpg,0.212333,0.00517152,0.0128371,0.00233067,0.714279,0.00570901,0.00756664,0.0397739
img_04586.jpg,0.961537,0.0170371,0.00634839,0.00466479,0.000620369,0.00901355,0.000538617,0.000240249
img_00141.jpg,3.31953e-05,0.000836434,0.00137351,0.000240989,2.34425e-05,0.000174844,0.000196361,0.997121
img_03584.jpg,6.2247e-05,0.134809,0.0391451,0.00367384,0.0861022,0.000214748,0.000819454,0.735174
img_01745.jpg,0.954898,8.96844e-05,0.0310825,0.00404274,0.00151816,0.00732134,0.000257782,0.000790094
img_05525.jpg,0.676486,0.0323661,0.0311727,0.00241306,0.129424,0.102707,0.0238677,0.00156256
img_00591.jpg,0.115689,0.00210856,0.000488805,0.000660462,0.0050675,0.0982769,0.00222282,0.775486
img_01373.jpg,0.321413,0.000670404,0.000609449,0.000571296,0.654067,0.0216286,0.000907339,0.000132179
img_03457.jpg,0.941998,0.00609442,0.00137013,0.000887915,0.00504061,0.042968,0.000739752,0.000901477
img_04268.jpg,0.921079,0.000405652,0.000301244,0.000334443,0.0266686,0.0347196,0.000763056,0.0157289
img_06698.jpg,0.67396,0.00172142,0.000946032,0.00446374,0.0228749,0.185854,0.00168952,0.108491
img_06946.jpg,0.8428,0.00897681,0.000370126,0.00030078,0.00550412,0.00454208,0.000750513,0.136756
img_06440.jpg,0.126602,0.00150831,0.002316,0.00330133,0.0520147,0.763237,0.0363329,0.0146879
img_02416.jpg,0.375465,0.228917,0.0238159,0.00574121,0.131505,0.0286026,0.00724225,0.198711
img_03440.jpg,0.000145467,0.0660155,0.126532,0.00143674,0.0034493,0.000273379,0.000322093,0.801826
img_05488.jpg,0.876246,0.00575983,0.00604698,0.0119543,0.00391874,0.0834024,0.0120892,0.000582063
img_00533.jpg,0.523885,0.143331,0.0069377,0.0116691,0.00812894,0.0179704,0.0229666,0.265111
img_00618.jpg,0.601563,0.00453547,0.00141803,0.00311906,0.362723,0.0173581,0.00507734,0.00420531
img_06037.jpg,0.194917,0.00595064,0.0146063,0.00709609,0.0405611,0.133208,0.584693,0.0189682
img_04037.jpg,0.655002,0.0165205,0.0353867,0.00549112,0.201361,0.0411681,0.0285431,0.0165279
img_04101.jpg,0.893855,0.0080263,0.00462693,0.000656665,0.0010447,0.0868535,0.00454275,0.000394339
img_03297.jpg,0.960291,0.0106562,0.00761472,0.0113791,0.00613771,0.00205528,0.000719629,0.00114599
img_05612.jpg,0.895658,0.0639224,0.00401768,0.0011687,0.01056,0.0243392,0.000228621,0.000105495
img_05489.jpg,0.467305,0.410396,0.0285121,0.0039532,0.00309371,0.0842614,0.00237515,0.000103972
img_01853.jpg,0.00675529,0.000952299,0.000218519,0.000718534,0.000622598,0.0011833,0.000805022,0.988744
img_01505.jpg,0.00315235,0.971424,7.19833e-05,5.89665e-05,0.010042,1.94536e-05,0.00753192,0.00769891
img_05558.jpg,0.78571,0.0127395,0.000681617,0.000210949,0.00289297,0.00146873,0.000286892,0.196009
img_00417.jpg,0.000980485,0.000416905,0.000128168,0.0291484,6.78192e-05,0.00687245,0.0121731,0.950213
img_04520.jpg,0.254109,0.0685715,0.0388368,0.00728347,0.0826393,0.0223943,0.439443,0.0867225
img_01984.jpg,0.035781,0.132699,0.0110612,0.0036999,0.00025277,0.00124341,0.00216097,0.813102
img_05948.jpg,0.116173,0.000226105,7.67268e-05,0.000471038,0.0039646,0.681422,0.19662,0.00104667
img_01874.jpg,0.386905,0.000337399,0.000412246,0.000764129,0.0564544,0.541841,0.00530243,0.00798358
img_07187.jpg,0.988672,0.00158872,0.000237075,0.000219259,0.00816866,8.55721e-05,0.000247023,0.000781369
img_03674.jpg,0.00173017,8.25848e-05,0.000103793,6.44092e-05,0.997615,1.88956e-05,0.00036793,1.73597e-05
img_02899.jpg,0.95404,0.00418447,0.00151987,0.0196882,0.000980499,0.0164818,0.00305716,4.8221e-05
img_06756.jpg,0.978404,0.00181214,0.000493125,0.000917213,0.00892179,0.00706821,0.00220399,0.000179301
img_04375.jpg,0.00125582,0.000142178,0.000748349,0.000372884,0.996985,0.000103697,0.000247152,0.000144862
img_02666.jpg,0.989303,0.000742217,0.000241353,8.30203e-05,0.00724586,0.000319985,0.000816109,0.00124824
img_01856.jpg,0.974388,0.00485918,0.000215731,0.0004499,0.00614712,0.00696117,0.0012647,0.00571412
img_03809.jpg,0.872629,0.0045305,0.00147338,0.00497888,0.00428769,0.00986006,0.068368,0.0338725
img_02709.jpg,0.8051,0.012369,0.0294722,0.0742276,0.0219292,0.00465396,0.00259688,0.0496512
img_05026.jpg,0.598205,0.0170751,0.000800487,0.000568126,0.00198835,0.0310766,0.000654736,0.349632
img_05445.jpg,0.980942,0.00158138,0.000409546,0.000767769,0.00788229,0.00771405,0.000566026,0.000137059
img_06962.jpg,0.0639476,0.0121212,0.0163101,0.00618309,0.00108409,0.169481,0.560678,0.170195
img_05794.jpg,0.982055,0.00146114,0.00145633,0.000381111,0.000856911,0.0113599,0.00137065,0.00105943
img_07436.jpg,0.0131445,0.0049852,0.00465093,0.00305259,0.000537749,0.210954,0.569407,0.193268
img_03310.jpg,0.856867,0.0146788,0.00254991,0.00610035,0.0055143,0.113034,0.000969659,0.000286333
img_06849.jpg,0.193989,0.0836623,0.00222646,0.00679408,0.0201356,0.000860219,0.0231983,0.669134
img_04719.jpg,0.312376,0.00210525,0.000931033,0.00391574,0.549235,0.101601,0.0121182,0.0177174
img_03715.jpg,0.0362517,0.0163336,0.0340063,0.878573,0.0082893,0.0129536,0.00493369,0.00865858
img_05137.jpg,0.67863,0.0107229,0.00106824,0.00873923,0.0257547,0.133919,0.00296697,0.138199
img_07304.jpg,0.809017,0.0174121,0.02489,0.0032461,0.100759,0.040033,0.00421593,0.000426565
img_05095.jpg,0.809768,0.180937,0.002285,0.00168486,0.000434975,0.00215217,0.000298223,0.00243936
img_01043.jpg,0.00528045,0.000118545,0.000736008,0.000289565,0.992777,0.000354682,0.000416097,2.7628e-05
img_07583.jpg,0.530202,0.0276908,0.0055408,0.0196251,0.101377,0.0510403,0.165212,0.0993124
img_06832.jpg,0.724036,0.019648,0.0886515,0.0398594,0.00260822,0.115659,0.00425087,0.00528685
img_03527.jpg,5.00955e-07,0.000944301,0.109944,0.000519658,1.60183e-05,0.000938364,0.000110087,0.887527
img_04879.jpg,0.0174117,0.00979436,0.00124767,0.00726485,0.0377505,0.925831,0.000564619,0.00013518
img_06690.jpg,0.00029234,0.00225492,0.0941653,0.00877167,0.000817014,0.0222732,0.0018269,0.869599
img_03254.jpg,0.0805938,0.0014731,0.00132551,0.00296114,0.0778136,0.78251,0.0478975,0.00542559
img_07906.jpg,0.00313758,0.0260876,0.668181,0.00123298,0.00599233,0.0379163,0.00439515,0.253057
img_04712.jpg,0.0351974,0.0102447,0.112542,0.0135082,0.411774,0.0898624,0.00420686,0.322665
img_00380.jpg,0.796148,0.0575103,0.0888918,0.0189182,0.0287209,0.00403515,0.00316912,0.00260644
img_03074.jpg,0.977281,0.00355774,0.00124901,0.00172983,0.000367151,0.00621722,0.00850477,0.00109302
img_01198.jpg,0.25943,0.00455328,0.0127206,0.00196907,0.68062,0.00976607,0.0070764,0.0238644
img_01237.jpg,0.00373364,0.000304129,0.000484115,0.0010238,0.989775,0.000400529,0.00322303,0.00105597
img_05251.jpg,0.318413,0.0329423,0.00788675,0.00786929,0.0530167,0.0433122,0.247035,0.289524
img_07538.jpg,0.0287797,0.0197746,0.0124037,0.00762045,0.00138902,0.153675,0.514983,0.261375
img_04496.jpg,0.975014,0.0012104,6.38288e-05,0.000275914,0.00166908,0.00127023,0.000542219,0.0199545
