image,ALB,BET,DOL,LAG,NoF,OTHER,SHARK,YFT
img_01444.jpg,0.743057,0.1452,0.000993397,0.000155789,0.00122641,0.101808,0.000314577,0.00724498
img_03140.jpg,0.007,0.007,0.007,0.007,0.007,0.007,0.007,0.007
img_03290.jpg,0.292674,0.00141937,0.000400752,0.000367357,0.000908105,0.193098,0.000487787,0.510645
img_05064.jpg,0.866561,0.0235283,0.0227817,0.0127733,0.0346354,0.0146968,0.00541751,0.0196062
img_06642.jpg,0.00337096,0.00181427,1.51815e-05,7.48643e-05,1.59023e-05,2.74435e-05,3.30686e-06,0.994678
img_07143.jpg,0.000509179,1.37636e-05,5.6513e-05,9.6712e-06,0.999306,2.6135e-06,0.000100472,2.10668e-06
img_02602.jpg,0.913511,0.0338747,0.00296187,0.000972533,0.0347618,0.00469097,0.00513843,0.00408876
img_01538.jpg,0.93349,0.00666236,0.00032649,0.000298894,3.71425e-05,0.0577081,0.00112015,0.000356834
img_02159.jpg,0.097309,0.000923956,0.00181015,0.00993325,0.889494,0.000310566,0.00021117,7.9013e-06
img_06807.jpg,0.168718,0.00629626,0.000441431,0.0015194,0.798862,0.00320101,0.0207281,0.000233401
img_06845.jpg,0.259704,0.204254,0.0405535,0.0111323,0.00323611,0.00465539,0.133641,0.342824
img_02734.jpg,0.682094,0.275097,0.0123715,0.00224684,0.00637809,0.0140317,0.000900335,0.00688051
img_02702.jpg,0.998602,4.7452e-05,3.46961e-05,5.04774e-05,0.000465699,0.000297448,0.0001146,0.00038783
img_02231.jpg,0.567794,0.0197271,0.00456319,0.0652024,0.230957,0.0825929,0.0248522,0.00431104
img_07371.jpg,0.00360236,0.0318345,0.6945,0.00170232,0.000799663,0.0177553,0.00265485,0.247151
img_01562.jpg,0.00135444,0.00300721,0.000115247,0.000109596,9.49619e-05,6.56682e-05,0.00450961,0.990743
img_07908.jpg,0.529235,0.0169255,0.00921454,0.0787365,0.0278301,0.00490874,0.0158555,0.317294
img_05156.jpg,0.690475,0.000704524,0.000126936,0.000920805,0.0113672,0.294157,0.00202601,0.000222725
img_06555.jpg,0.565852,0.0290905,0.0302485,0.238097,0.0516115,0.0337599,0.00287771,0.0484629
img_04323.jpg,0.06368,0.0021105,0.00033549,0.00102038,0.90409,0.00206732,0.0264325,0.000263548
img_02838.jpg,0.799702,0.0456432,0.00172649,0.0286122,0.118489,0.00135835,0.000372268,0.00409579
img_06800.jpg,0.000904171,3.5935e-05,0.00113845,0.0159011,0.981586,0.000103468,0.000177709,0.000153493
img_06003.jpg,0.825293,0.0177294,0.000878535,0.00260193,0.009007,0.0121093,0.0151093,0.117271
img_01966.jpg,0.983735,0.0144664,0.000242755,0.000374281,0.000221728,0.000273312,0.000513528,0.000172513
img_01426.jpg,0.546175,0.268816,0.000260624,0.000994422,4.25438e-05,0.0265564,0.0177877,0.139367
img_01688.jpg,0.305209,0.0737169,0.00394538,0.00182554,0.00505002,0.263193,0.100861,0.246198
img_01031.jpg,0.770059,0.010008,0.0997978,0.00826882,0.00065912,0.101309,0.00825378,0.00164372
img_04237.jpg,6.05958e-05,0.998549,4.01397e-05,0.000390631,1.83082e-05,0.000502223,5.5849e-05,0.000383692
img_06947.jpg,0.000569944,0.0015249,0.000374943,0.00101344,0.993318,0.000553443,0.00061008,0.00203484
img_06186.jpg,0.904042,0.0461186,0.00646123,0.0046015,0.0187179,0.0117778,0.00545821,0.00282278
img_02398.jpg,0.811684,0.00113003,0.000199326,0.00509138,0.0923941,0.0601773,0.00346912,0.0258548
img_06294.jpg,0.996428,0.00272417,1.35263e-05,3.61451e-05,0.000183363,0.000605147,1.65114e-06,7.77446e-06
img_07910.jpg,0.996348,0.00260924,0.00042983,1.01932e-05,0.000294886,0.000248992,2.50973e-05,3.43087e-05
img_05284.jpg,0.535683,0.440077,0.000346272,0.00121253,0.000998469,0.00451057,0.00431447,0.0128577
img_05209.jpg,0.92665,0.0388078,0.0154447,0.00660994,0.00775028,0.00172669,0.0009363,0.00207427
img_00102.jpg,0.63717,0.0690661,0.0030583,0.00273038,0.00256359,0.154381,0.00085818,0.130172
img_07616.jpg,0.779479,0.0501088,0.0275072,0.0221172,0.0295589,0.0193009,0.00747453,0.0644534
img_06616.jpg,0.478836,0.0156933,0.00650997,0.00334929,0.150386,0.20551,0.0014595,0.138256
img_07192.jpg,0.671818,0.00741535,0.00703146,0.000814712,0.285312,0.00304516,0.00115896,0.0234049
img_04888.jpg,0.984557,0.00192904,0.00010768,0.000210574,0.000863324,0.000520309,0.000218578,0.0115937
img_00375.jpg,0.271553,0.0681153,0.251755,0.159437,0.232246,0.0156763,0.00118927,2.77904e-05
img_03283.jpg,0.0018382,0.00260641,0.0035769,0.024682,1.03472e-05,0.000340376,0.000275356,0.96667
img_01511.jpg,0.923557,0.000265754,0.00065162,0.000571415,0.00178621,0.0716289,0.00150373,3.53347e-05
img_01552.jpg,0.998934,0.000400891,5.76868e-05,7.65477e-06,0.000149608,0.000400605,3.45987e-05,1.49253e-05
img_03670.jpg,0.798752,0.00233806,0.0221056,0.0159959,0.133505,0.00547082,0.012614,0.00921805
img_05950.jpg,0.934564,0.0466914,0.00899016,0.000120672,0.0013344,0.00703664,0.00116104,0.000101566
img_06475.jpg,0.673703,0.0128772,0.00165609,0.00310332,0.013262,0.11188,0.0104184,0.1731
img_03588.jpg,0.0120994,8.92714e-05,0.000185025,0.00059904,0.0072195,0.944494,0.0348823,0.000431055
img_03974.jpg,0.603239,0.00117871,0.00458953,0.000493321,0.383617,0.00481944,0.000495042,0.00156786
img_04640.jpg,0.891941,0.00111124,0.000655069,0.00110274,0.0350283,0.0696256,2.44198e-05,0.000511733
img_00280.jpg,0.341183,0.00309344,0.0043488,0.00241737,0.644312,0.00127338,0.00105447,0.00231746
img_03548.jpg,0.485386,0.0146459,0.00518948,0.00607607,0.00354763,0.017619,0.012862,0.454674
img_07833.jpg,0.937914,0.0382319,0.000397634,0.000669278,0.00324974,0.00730648,0.00490787,0.00732318
img_07543.jpg,0.0014478,0.000511365,9.35833e-06,2.26912e-05,0.997978,3.92031e-06,1.79279e-05,9.37992e-06
img_02890.jpg,0.410286,0.0207393,0.00922086,0.0104268,0.00378599,0.539818,0.00567296,5.00931e-05
img_00484.jpg,0.447426,0.165012,0.0401432,0.0362056,0.0034646,0.00208676,0.182908,0.122754
img_01627.jpg,0.989012,0.000306534,8.97232e-05,5.94035e-05,7.74859e-06,0.0100511,0.000348893,0.000124141
img_07278.jpg,0.99452,0.00205629,5.79037e-05,8.55948e-05,0.00176402,0.000889793,2.829e-05,0.000598318
img_03116.jpg,6.10855e-05,0.0562848,0.0879023,0.00212767,0.563571,0.000183281,0.00182752,0.288042
img_02307.jpg,0.222786,0.241453,0.00450427,0.0056924,0.135264,0.0203013,0.0140348,0.355965
img_05085.jpg,0.356789,0.0124467,0.0116271,0.0128005,0.576167,0.00158284,0.00431742,0.0242702
img_05393.jpg,0.562586,0.0986848,0.000421384,0.00445925,1.86191e-05,0.0295962,0.04121,0.263024
img_05654.jpg,0.960974,0.00034621,7.67522e-05,0.00840134,9.30938e-06,0.0290132,0.000955323,0.000224171
img_07921.jpg,0.00216667,0.000193437,3.18694e-06,0.000185019,3.99162e-05,0.997024,4.3745e-05,0.000343831
img_05440.jpg,0.962235,0.013811,0.00567349,0.00920663,0.00588241,0.00238929,0.000506729,0.000295494
img_04272.jpg,0.907045,0.00267008,0.000378294,0.000266676,0.0166559,0.00377652,0.0010607,0.0681465
img_07792.jpg,0.26152,0.36584,0.0119869,0.00372653,0.0171657,0.191025,0.000122516,0.148613
img_00921.jpg,0.652533,0.00417283,0.00340611,0.00358274,0.10012,0.14166,0.00442302,0.0901035
img_02651.jpg,0.997562,0.000182815,0.000511984,3.48301e-05,0.00133062,9.51652e-05,2.40448e-05,0.000258074
img_04263.jpg,0.981774,0.00037219,3.29135e-05,0.000180052,0.0157733,0.00151479,0.000154129,0.00019857
img_02546.jpg,0.282606,0.257572,0.0107199,0.0103832,0.0683918,0.00679836,0.0271221,0.336407
img_03239.jpg,8.48825e-09,5.7336e-05,8.7271e-07,4.16604e-06,2.56629e-06,8.75928e-06,0.999913,1.32944e-05
img_07045.jpg,0.700643,0.00759972,0.00101369,0.000548156,0.164975,0.00022818,0.00266894,0.122323
img_00587.jpg,0.756035,0.0411782,0.00185976,0.00107589,0.00422526,0.0623604,8.07547e-06,0.133257
img_01983.jpg,0.291433,0.011383,0.0259425,0.0106008,0.322317,0.337528,0.000676144,0.000120241
img_05743.jpg,0.392368,0.133152,0.0469964,0.00694231,0.0075019,0.396109,0.0168219,0.000108859
img_02066.jpg,0.611032,0.0129324,0.00644265,0.00975793,0.262909,0.0616542,0.00728549,0.0279863
img_02252.jpg,0.790126,0.00012162,0.000250382,0.000246422,0.201417,1.77697e-05,0.000388452,0.00743248
img_06426.jpg,0.846198,0.00892291,0.000655883,0.00062646,0.0101626,0.000957966,0.00266406,0.129812
img_05548.jpg,0.986697,0.000130212,0.000171372,0.00187595,7.11694e-06,0.0107742,0.000318084,2.57046e-05
img_07213.jpg,0.190227,0.314513,0.186311,0.00924937,0.0495221,0.232463,0.0160787,0.00163673
img_02281.jpg,0.000396854,0.010834,0.0158921,0.959449,0.00252859,0.000358947,0.000268255,0.0102727
img_03069.jpg,0.0602919,0.144692,0.00285977,0.18264,0.000241966,0.063533,0.00142479,0.544317
img_06203.jpg,0.607479,0.00482756,0.00231611,0.000527218,0.0342087,0.0110188,0.0247457,0.314877
img_04642.jpg,0.382773,0.0054435,0.000302077,0.000646712,0.606784,0.00237439,0.000445263,0.00123083
img_05835.jpg,0.80081,0.0547362,0.0040044,0.0219985,0.111274,0.00253145,0.000323581,0.00432281
img_06658.jpg,0.15837,0.000850238,0.000205122,0.000719402,0.000167851,0.259234,0.00253073,0.577923
img_03602.jpg,0.0435877,0.00434798,0.00296855,0.00100396,0.0422803,0.842802,0.0619273,0.00108198
img_06902.jpg,0.535765,0.00191879,0.00513039,0.00709303,0.437432,0.00058883,0.0015892,0.010483
img_07068.jpg,0.19379,0.331058,0.00744479,0.00225765,0.00454271,0.0305894,0.073723,0.356594
img_05293.jpg,0.00012303,0.280015,0.000993257,0.3875,0.00191206,0.0411749,0.0147741,0.273508
img_03471.jpg,0.000160356,0.000133926,0.00207709,0.979413,7.58419e-05,0.000290136,0.0011369,0.0167132
img_01102.jpg,0.34626,0.106821,0.192654,0.0763545,0.0714587,0.000843343,0.0104468,0.195161
img_00483.jpg,0.983342,0.00244446,0.000410233,0.000501915,0.00736993,0.00036387,0.000895846,0.00467216
img_04044.jpg,0.951967,0.000497755,0.00334984,0.0099909,0.0284653,0.00106237,0.00231762,0.00234928
img_01388.jpg,0.681658,0.0403025,0.000754967,0.000803166,0.00208325,0.262128,0.00130374,0.0109667
img_07094.jpg,0.985329,0.00121967,0.000442135,0.000305377,0.00236467,9.33776e-05,0.000232385,0.010013
img_02074.jpg,0.79389,0.0560726,0.00198082,0.122349,0.0123274,0.0128204,0.000357095,0.000202707
img_03312.jpg,0.969383,0.00231759,9.58437e-05,0.000138405,6.20822e-06,0.0218158,0.00157956,0.00466409
img_05640.jpg,0.960223,0.00481188,0.000818343,0.000808781,0.0280328,0.00128069,0.000680221,0.00334452
img_01204.jpg,0.00295415,0.966051,0.000102225,0.000167667,0.00200332,9.5689e-05,0.00014985,0.0284758
img_05915.jpg,0.00317448,0.012825,0.514801,0.000918514,0.00019031,0.0225924,0.00293745,0.442561
img_02556.jpg,0.632869,0.00702928,0.000375066,0.000253775,0.000661195,0.000451316,6.14895e-05,0.358298
img_04410.jpg,0.647855,0.0530872,0.0640883,0.0922412,0.0134367,0.10406,0.00421673,0.0210148
img_01059.jpg,0.562462,0.0315556,0.000755872,0.000607955,0.000551873,0.206926,0.0419165,0.155224
img_07060.jpg,0.361347,0.0139765,0.0238387,0.018723,0.000763669,0.231276,0.00978433,0.34029
img_05211.jpg,0.533135,0.0997047,0.00197174,0.00370359,0.0647726,0.0105932,0.00359588,0.282523
img_02974.jpg,0.899459,0.00909502,0.00039618,0.00382005,0.0478816,0.000728004,0.00048552,0.0381346
img_03866.jpg,0.798044,0.00613004,0.000290242,0.00360016,0.0237931,0.14542,0.00218558,0.0205365
img_00948.jpg,0.186645,0.00833988,0.010134,0.0181594,0.70672,0.00192622,0.00451541,0.0635596
img_02299.jpg,0.286245,0.277413,0.0183753,0.0230142,0.000110083,0.169435,0.00440663,0.221001
img_06611.jpg,0.000122752,0.0813489,0.320328,0.00424938,0.0335158,0.00224161,0.00131069,0.556883
img_01976.jpg,0.979061,0.000404369,1.92912e-05,0.000169986,0.000130134,0.000575042,0.000104428,0.0195356
img_02522.jpg,0.95532,0.00367132,0.00154019,0.00628162,0.0214851,0.00401185,0.00242859,0.00526184
img_07146.jpg,0.0554678,0.00122182,0.000721444,0.00172908,0.92134,0.0011132,0.0152546,0.00315238
img_02194.jpg,0.971662,0.000248361,3.60231e-05,7.48569e-05,0.023923,0.00392243,6.56551e-05,6.77155e-05
img_01955.jpg,2.28157e-05,3.22169e-05,0.000295454,5.19051e-05,1.94881e-05,0.000122116,0.000161487,0.999294
img_00120.jpg,0.00284621,0.00212154,0.000145696,0.000130031,0.000177658,8.99377e-05,0.00584296,0.988646
img_04156.jpg,0.594002,0.0121405,0.193863,0.00621238,0.0125827,0.150893,0.0155027,0.0148034
img_00053.jpg,0.964992,0.000373812,0.00332921,0.00629049,0.00726507,0.000395143,0.00699518,0.0103592
img_01366.jpg,0.251433,0.0773644,0.0574647,0.00849065,0.0042809,0.592559,0.0083583,4.90162e-05
img_02857.jpg,0.121092,0.146264,0.0043122,0.00155029,0.711873,0.00396424,0.00577759,0.00516723
img_06147.jpg,0.423873,0.143795,0.0032634,0.030391,0.00631342,0.00886591,0.209093,0.174406
img_01646.jpg,0.983537,0.00202981,0.00111221,0.00831395,0.00055862,0.000758055,0.00347882,0.00021136
img_00493.jpg,0.120459,0.0683063,0.0194676,0.0322074,0.687491,0.0675917,0.00134555,0.00313149
img_04306.jpg,0.981194,0.00141174,0.000273619,0.000204766,6.24097e-05,5.86668e-05,0.000192344,0.0166028
img_03333.jpg,0.426826,0.00262615,0.000397366,0.000929735,0.00652192,0.535925,0.0235966,0.00317763
img_01413.jpg,0.954923,0.000391016,0.000511515,0.00144693,0.0415177,0.000365975,0.0002678,0.000575688
img_00894.jpg,0.200827,0.0109364,0.0250042,0.00135064,0.692322,0.0017769,0.00112611,0.0666569
img_00667.jpg,0.00619475,0.960543,5.81248e-05,0.000141689,0.000962363,0.000131244,6.51346e-05,0.0319042
img_05046.jpg,0.204484,0.184928,0.00323612,0.00514142,0.226361,0.0246064,0.0115469,0.339696
img_04425.jpg,0.87902,0.0437416,0.00078249,0.00212515,0.00802222,0.00233869,0.00171497,0.0622554
img_02789.jpg,0.00927113,0.000165245,0.00690145,0.000591494,0.968325,0.000326785,0.0144054,1.33424e-05
img_05508.jpg,0.811254,0.00195062,0.000389795,0.00153715,0.00124223,0.000518183,0.00100903,0.182099
img_04257.jpg,0.266711,0.00823901,0.000682504,0.00111166,0.72076,0.000631973,0.00028059,0.00158262
img_07467.jpg,0.985143,0.003803,8.04373e-05,0.000231359,0.00873214,0.000753411,7.89925e-05,0.00117762
img_03847.jpg,0.0403342,0.298734,0.00237722,0.0650437,0.0355845,0.505563,0.00300317,0.0493603
img_00914.jpg,0.00175793,0.0141458,0.0317242,0.0011579,0.00624562,0.0175776,0.00192987,0.925461
img_04415.jpg,0.688983,0.00354119,0.00192685,0.00305837,0.0821879,0.0557206,0.0409491,0.123633
img_01537.jpg,0.973553,0.00035515,0.000277028,0.000331803,0.00101525,0.0237488,0.000585691,0.000133408
img_07156.jpg,0.664175,0.000340304,0.00060689,0.000275934,0.000427492,0.331045,0.00301279,0.000116621
img_05021.jpg,0.000922543,2.13471e-05,2.74531e-06,2.7266e-05,0.998644,1.44218e-05,0.000359144,8.74551e-06
img_00855.jpg,0.886118,0.000529392,0.0201265,0.00991893,0.0022508,0.00688496,0.00241424,0.0717568
img_03370.jpg,0.991302,0.000174484,4.93886e-06,2.15758e-05,3.89314e-05,0.000349996,1.71925e-06,0.0081068
img_07508.jpg,0.323318,0.0759453,0.0561173,0.0190691,0.0965714,0.0131626,0.22499,0.190826
img_02699.jpg,0.418107,0.0020858,0.00212948,0.00443782,0.495247,0.00306518,0.00758261,0.0673455
img_05754.jpg,0.158077,0.00122934,0.0168624,0.00386596,0.022209,0.745494,0.0498454,0.00241641
img_05768.jpg,0.000314673,0.000909669,0.000145553,9.81898e-05,8.23452e-05,0.00012652,0.00854808,0.989775
img_07173.jpg,0.00143662,0.000450893,5.70621e-06,0.00108038,9.81983e-06,0.000436444,0.000182052,0.996398
img_02422.jpg,0.881956,0.0596525,0.00172692,0.00222242,0.00185135,0.0419103,0.000156749,0.0105234
img_07757.jpg,0.236003,0.00687717,0.0153346,0.00203695,0.70522,0.00186216,0.00494906,0.027717
img_07183.jpg,6.47229e-05,0.357401,0.00111562,0.0640402,0.00244574,0.0488449,0.0030708,0.523017
img_01441.jpg,0.000370517,0.00308383,0.00108855,0.000513837,0.000181789,0.00524829,0.0190409,0.970472
img_07179.jpg,0.0051841,4.03834e-05,1.32513e-05,0.000104915,0.994586,1.50369e-05,5.40558e-05,2.42729e-06
img_02641.jpg,0.952769,0.00153988,0.00385425,0.00998665,0.00263384,0.0166711,0.00258746,0.00995785
img_01177.jpg,0.69517,0.000219266,0.03185,0.0562407,0.151173,0.0340037,0.00900359,0.0223392
img_02964.jpg,0.000293064,0.0184643,0.0113843,0.00123842,0.00034592,0.000619698,0.000268947,0.967385
img_07448.jpg,0.742843,0.00931657,0.00461505,0.17938,0.00629489,0.00891083,0.0035933,0.0450467
img_05735.jpg,0.182315,0.356172,0.00503351,0.0128982,0.0114131,0.228767,0.000422617,0.202978
img_03739.jpg,0.000541031,0.019917,0.0981551,0.000233257,0.000192071,0.0111818,0.000377423,0.869402
img_01685.jpg,0.260575,0.0995882,0.0244114,0.00632365,0.397398,0.197899,0.0127194,0.00108602
img_06368.jpg,0.248831,0.161704,0.0798001,0.0108563,0.0560998,0.434556,0.0077945,0.000357358
img_07237.jpg,0.688744,0.0313024,0.00148734,0.00558712,6.25453e-05,0.114434,0.00755232,0.15083
img_02268.jpg,0.797799,0.00122629,0.00110316,0.11488,0.0184238,0.0156608,0.00331828,0.0475886
img_01888.jpg,0.025083,0.00163554,2.26669e-05,0.000871496,7.20771e-05,0.970191,9.23623e-05,0.00203141
img_05076.jpg,0.600367,0.0417368,0.000878844,0.000444498,0.00221969,0.0033223,5.51367e-05,0.350975
img_05657.jpg,0.203075,0.00831502,0.0152448,0.002082,0.741505,0.00201996,0.00441419,0.0233436
img_05580.jpg,0.0755304,0.0543977,0.0012012,0.000358913,0.00112468,0.00108183,0.012141,0.854164
img_04183.jpg,0.455735,0.00207177,8.33272e-05,0.000943686,0.00132242,0.00904714,0.000431076,0.530365
img_00027.jpg,0.694805,0.0671035,0.00412374,0.00149346,0.00557625,0.223543,4.5689e-06,0.00335085
img_02270.jpg,0.803798,0.0450965,0.0206317,0.0157596,0.061348,0.0228674,0.00357767,0.0269208
img_02077.jpg,0.142413,0.0024791,0.00459077,0.666305,0.0021429,0.17914,0.00291897,1.07769e-05
img_00358.jpg,0.609331,0.021019,0.00160746,0.00319701,0.00257947,0.0348191,0.000598531,0.326848
img_00119.jpg,0.0797064,0.751862,0.00114638,0.00077056,0.00442427,0.000369726,0.000371411,0.161349
img_02842.jpg,0.0252937,0.00180959,0.00313431,0.00101607,0.0430241,0.873418,0.0517043,0.000599498
img_07352.jpg,0.951864,0.00445957,7.92889e-05,0.000625975,0.0135322,0.00052842,0.000279603,0.0286308
img_02078.jpg,0.10031,0.00767761,0.157415,0.0126508,0.660927,0.000795059,0.00095093,0.0592739
img_07103.jpg,0.994365,0.00198876,3.57619e-05,9.63914e-05,0.00220493,0.000672148,3.48429e-05,0.000602089
img_01213.jpg,0.927326,0.0226624,0.000553372,0.00566533,0.00264623,0.00339127,0.00170284,0.0360527
img_06311.jpg,0.790489,0.00909602,0.000301337,0.000326289,0.000523444,0.197804,0.00122299,0.000236381
img_05434.jpg,0.0451023,3.76478e-05,0.00178549,0.000667885,0.951862,0.000475127,4.77338e-05,2.23795e-05
img_00777.jpg,0.89193,0.00238517,0.000730042,0.000328199,0.000948539,0.101818,0.00176237,9.74986e-05
img_03475.jpg,0.0121548,0.000108876,0.000141235,0.000110421,0.98741,4.68145e-06,3.84264e-05,3.14963e-05
img_06893.jpg,0.352711,0.00325713,0.0052882,0.00321593,0.241882,0.0739135,0.00764665,0.312085
img_03628.jpg,0.988521,0.002613,0.000232414,0.000345935,0.00512771,0.000991936,0.000305032,0.00186257
img_05572.jpg,0.0292149,0.0156582,0.00038322,9.33811e-05,0.000116644,0.000286838,0.0244292,0.929818
img_07354.jpg,0.973729,0.00224223,5.92505e-05,0.000367978,0.0121195,0.000183314,0.000419313,0.0108795
img_03082.jpg,0.846094,0.119264,3.73838e-05,0.0341312,8.35994e-05,0.000161712,0.000141648,8.62014e-05
img_07678.jpg,0.00407107,0.00104126,0.000926733,0.993025,0.000421973,0.000133399,0.000138429,0.000241955
img_00730.jpg,0.0925083,0.00124092,0.000109341,0.000173775,0.000182593,0.000188314,0.00014322,0.905454
img_05269.jpg,0.724624,0.0027432,0.00118791,0.00043833,0.244244,0.000301111,0.00218822,0.0242733
img_02406.jpg,0.189686,0.00360323,0.00212524,0.70307,0.00158569,0.0978929,0.00201323,2.32164e-05
img_06259.jpg,2.52216e-07,7.40324e-05,0.00165874,4.79472e-05,1.44995e-06,0.000667032,0.000171316,0.997379
img_00164.jpg,0.0485769,0.00302407,0.00668169,0.00234905,0.781294,0.007844,0.000826662,0.149403
img_04766.jpg,0.889995,0.026882,0.00110419,0.00219809,0.0076249,0.00127821,0.0197201,0.0511974
img_03928.jpg,0.214137,0.673338,0.030059,0.00754206,0.0207913,0.00781347,0.0199187,0.0263999
img_05584.jpg,0.0843188,0.685081,0.132721,0.0153357,0.0340347,0.000560659,0.00190493,0.0460439
img_00889.jpg,0.00101863,0.0192093,0.385802,0.00460723,0.000386191,0.0901021,0.00157403,0.4973
img_02565.jpg,0.774794,0.0685676,0.0110626,0.00631465,0.0768462,0.0361229,0.00257815,0.023714
img_05731.jpg,0.0110931,9.29585e-05,2.98799e-06,9.13183e-05,0.988084,0.000156054,0.000385903,9.31868e-05
img_07580.jpg,1.31121e-05,0.376933,0.000228651,0.0250627,0.00136467,0.00468758,0.00496043,0.58675
img_00128.jpg,0.000519286,0.513936,0.336211,0.0015009,0.00692953,0.00892937,0.00124929,0.130724
img_02799.jpg,0.991436,0.00262093,4.30722e-05,0.000149689,0.00404709,0.000776293,5.79951e-05,0.000869071
img_04482.jpg,0.980034,0.00168784,0.000993748,0.00667225,0.000356878,0.00961591,0.000471107,0.000168693
img_00383.jpg,0.995343,0.00128385,2.24191e-05,0.000112127,0.00178409,0.000652477,3.24365e-05,0.000769834
img_04240.jpg,0.353458,0.00137371,0.00108831,0.000732147,0.0454182,0.0282227,0.00646724,0.56324
img_06371.jpg,0.000888244,0.996859,9.22599e-05,6.77672e-05,8.83169e-06,0.000750596,0.000430585,0.000902692
img_05953.jpg,0.0905484,0.0670994,0.218816,0.00632066,0.135698,0.338002,0.0268791,0.116637
img_03563.jpg,0.776766,0.0521858,0.000200702,0.159295,0.000594414,0.00168442,0.000820906,0.00845259
img_00902.jpg,3.03269e-09,0.000100734,9.79562e-07,3.67294e-06,9.59007e-07,5.90438e-06,0.999873,1.52669e-05
img_04461.jpg,0.845796,0.001873,0.0012592,0.139793,0.00292255,0.0013617,0.00146536,0.00552861
img_06144.jpg,0.0200129,0.0111944,0.50642,0.0026016,0.0492145,0.0163734,0.032405,0.361779
img_00518.jpg,0.819218,0.00159669,0.0051674,0.0111327,0.0347235,0.0113078,0.0584495,0.0584045
img_01681.jpg,0.115172,0.000622308,0.00037104,0.000674331,0.00027917,0.00162034,0.000157644,0.881103
img_03342.jpg,0.797875,0.11117,0.00267565,0.000511222,0.00257632,0.0636173,2.31844e-06,0.0215727
img_05979.jpg,0.250168,0.001887,0.00394742,0.00125867,0.735452,0.00588031,0.000832477,0.000574568
img_00780.jpg,0.00594482,0.24092,0.126354,0.000797095,0.000721127,0.363643,0.0116874,0.249933
img_02920.jpg,0.828871,0.0179962,0.00486929,0.00150559,6.48315e-05,0.142145,0.00198141,0.00256617
img_07434.jpg,0.00602807,0.000297407,0.000288679,5.20011e-05,0.993037,9.04212e-05,0.000139762,6.7081e-05
img_05563.jpg,0.817194,0.0204941,0.00110807,0.000978655,0.000130302,0.0680142,0.00741228,0.084668
img_04127.jpg,0.0920268,0.00177871,0.000507839,0.00250431,0.00139892,0.581226,0.00458035,0.315977
img_01802.jpg,0.714326,0.0246737,0.00164905,0.0020204,0.181544,0.0654437,0.00178987,0.00855367
img_03043.jpg,0.00359014,0.00819062,0.422011,0.00121341,0.000909381,0.390765,0.0190458,0.154274
img_05074.jpg,0.175191,0.00208104,0.000706875,0.000708329,0.818029,0.00234785,0.000549079,0.000386714
img_03992.jpg,0.0124681,0.578579,0.024962,0.00216158,0.321047,0.00173705,0.00592601,0.0531185
img_03261.jpg,0.433709,0.188936,0.143313,0.18267,0.00984759,0.0230549,0.00220812,0.0162614
img_06189.jpg,0.842544,0.0125931,0.00307276,0.00283958,0.0562064,0.0575789,0.0157003,0.00946461
img_04726.jpg,2.53e-06,0.00420736,0.00252179,0.000564989,0.974165,0.000661159,0.000683881,0.0171935
img_02291.jpg,0.666136,0.318264,0.00619543,0.000121664,0.00196516,0.00554637,0.00123124,0.000539941
img_04118.jpg,0.694893,0.0670811,0.000365034,0.00294348,0.000786663,0.22948,0.00141976,0.00303169
img_06510.jpg,0.975831,0.000752797,0.000512497,9.94698e-05,0.0191461,0.0011976,0.000349772,0.0021104
img_03490.jpg,0.137879,0.194845,0.0102464,0.0114876,0.105674,0.013743,0.00796908,0.518157
img_03801.jpg,0.923455,0.00692487,0.000553637,0.00237879,0.00122807,0.000881745,0.000946637,0.0636314
img_05792.jpg,0.989928,0.000564361,0.000146191,0.000286544,0.00225563,0.00267368,8.82452e-05,0.00405774
img_04261.jpg,0.797641,0.123591,5.42122e-05,0.0779459,0.000235047,0.00013498,0.000223425,0.000174584
img_00765.jpg,0.0164949,0.00865147,2.47515e-05,0.000924646,0.000126368,0.971489,0.000171881,0.00211719
img_04386.jpg,0.595999,0.0214344,0.0115572,0.00325597,0.0995726,0.138583,0.00108993,0.128507
img_04705.jpg,4.77488e-06,0.00438642,0.927152,0.000508271,0.0149093,0.000224563,0.000189626,0.0526253
img_06401.jpg,0.0165406,0.000263887,0.000795765,0.00206925,0.978642,0.000206489,0.000427302,0.00105441
img_03439.jpg,0.823891,0.00505978,0.00210943,0.115214,0.0146866,0.0314259,0.00223171,0.00538188
img_05603.jpg,0.910285,0.0153518,0.0103903,0.00544745,0.016639,0.0348787,0.00277575,0.00423192
img_04478.jpg,0.998662,0.000640315,0.000536662,6.84725e-05,3.10463e-05,4.24004e-05,1.6075e-05,3.26897e-06
img_00833.jpg,0.470747,0.00153267,0.000458795,0.00295697,0.00375707,0.093581,0.0349646,0.392002
img_00718.jpg,0.751579,0.00148349,0.000197789,0.00144084,0.00103413,0.241893,0.00135688,0.00101423
img_06059.jpg,0.000347083,0.000255516,6.85666e-05,7.74858e-05,0.999051,7.03561e-06,0.000193298,2.18425e-07
img_05139.jpg,5.77078e-05,0.00253917,0.251664,0.00996357,0.000318023,0.056267,0.00368841,0.675502
img_04585.jpg,2.23079e-05,0.00056631,0.000421378,0.000189634,0.998398,7.71842e-05,0.000176901,0.000148531
img_02977.jpg,0.203539,0.370327,0.00541679,0.00134545,0.41493,0.000650254,0.00159006,0.00220127
img_01963.jpg,0.996773,0.00122591,1.19133e-05,0.000180148,0.000549296,0.000881772,0.000115544,0.000262239
img_05653.jpg,0.0457969,0.722457,0.00297507,0.00267175,0.000784007,0.0102252,0.0761555,0.138934
img_07147.jpg,1.00973e-07,0.000342739,2.50509e-05,7.17499e-05,0.999469,7.65271e-05,6.93383e-06,8.40172e-06
img_02808.jpg,0.929668,0.0414324,0.00164017,0.00505548,0.00746624,0.0143738,0.000264549,9.90928e-05
img_02956.jpg,0.541774,0.00649643,0.000299754,0.00199712,0.00108523,0.013874,0.00716209,0.427311
img_00582.jpg,0.670778,0.18857,0.00658221,0.00767876,0.00530816,0.0995678,0.00206065,0.0194542
img_03711.jpg,0.882596,0.00110889,0.00268062,0.00754934,0.0396867,0.00313112,0.00137056,0.0618766
img_02636.jpg,0.447002,0.012218,0.0011087,0.000634745,0.484261,0.000239163,0.0525598,0.00197646
img_04830.jpg,0.909917,0.000223337,0.000657249,0.00202198,0.0833282,0.00135978,0.00123355,0.00125926
img_05516.jpg,0.95218,0.0349807,0.000544653,0.000201666,0.000719934,0.000883352,0.000353317,0.0101369
img_04723.jpg,0.000890648,0.00197651,0.735073,0.0027599,0.00846119,0.00262989,0.00116498,0.247044
img_05828.jpg,0.994376,0.000590432,1.46106e-05,0.000473638,0.0037422,0.000670963,0.000103533,2.85016e-05
img_03078.jpg,0.450424,0.377541,0.0322211,0.124741,0.000659127,0.0127049,0.00147765,0.000230601
img_02638.jpg,0.477059,0.0413082,0.00108347,0.00207449,0.000767575,0.0043625,0.0142709,0.459074
img_01657.jpg,1.43055e-08,1.81594e-05,0.995258,0.000111605,0.000105101,0.000131125,0.000114857,0.00426156
img_07469.jpg,0.00194263,0.0100935,0.327704,0.0030202,0.00083531,0.0447214,0.00218547,0.609498
img_04013.jpg,7.17643e-05,0.54441,0.000233405,0.0129866,0.00076789,0.000621216,0.00227975,0.43863
img_04369.jpg,0.487654,0.00321056,0.000413549,0.000631716,0.00105364,0.50517,0.00133324,0.000533099
img_07505.jpg,0.992887,0.00059329,0.000157968,7.05813e-05,0.00355207,0.0013249,8.78648e-05,0.00132624
img_07330.jpg,0.898205,0.0150065,0.00170679,0.000420295,0.00686178,0.00533758,0.0033821,0.0690804
img_00170.jpg,0.817341,0.00140707,0.00108679,0.124277,0.00481323,0.0448,0.00191641,0.00435881
img_04546.jpg,0.0243025,0.176152,0.0637576,0.000293472,0.00117704,0.0374471,0.00119763,0.695672
img_07044.jpg,0.13274,0.00224017,0.0523813,0.00619125,0.00276429,0.000241568,0.00379676,0.799645
img_06860.jpg,0.00596233,0.00374143,0.000216784,0.000237788,0.98935,0.000321634,4.78981e-05,0.000122338
img_07818.jpg,0.990382,0.00334193,5.3391e-05,0.000145413,0.00482833,0.000701769,4.62773e-05,0.000501154
img_03454.jpg,0.859332,0.00163408,0.00723877,0.0135747,0.10492,0.00669027,0.0052664,0.00134352
img_03726.jpg,1.32045e-05,0.378206,0.000699826,0.04092,0.00771338,0.00935232,0.00426212,0.558833
img_00212.jpg,0.000131943,0.000139187,6.55329e-06,0.00204882,2.42977e-06,0.000657481,0.000178427,0.996835
img_06663.jpg,0.00329396,0.00276748,0.00438948,0.973245,0.000786713,0.0111352,0.000515776,0.00386622
img_05276.jpg,3.05842e-06,0.00487164,0.00210544,0.000902455,0.971657,0.00195131,0.000268967,0.0182402
img_07594.jpg,0.0851717,0.0186781,0.000557286,0.000366957,0.000627218,0.000612931,0.00277379,0.891212
img_01142.jpg,0.965958,0.000137199,0.00174144,0.00277516,0.00574486,0.00183631,0.00301594,0.0187912
img_01035.jpg,0.967044,0.000965377,0.000333689,0.000147759,0.0010281,0.0296165,0.000837529,2.75431e-05
img_04554.jpg,0.958928,0.000525329,0.00128938,0.00128767,0.0192399,0.00156805,0.0147542,0.00240728
img_00543.jpg,0.996045,0.0019062,3.19351e-05,6.68918e-05,0.00108598,0.000443459,1.66972e-05,0.000403835
img_02769.jpg,0.0521506,0.0889731,0.543325,0.000793563,0.000642778,0.019055,0.00184289,0.293217
img_03210.jpg,7.7177e-06,0.00155284,0.00178734,0.000601557,3.99331e-05,0.000625619,0.000365977,0.995019
img_02679.jpg,0.06906,0.118653,0.210394,0.0069959,0.373774,0.000165323,0.0126904,0.208267
img_03199.jpg,0.866249,0.0176844,0.000563271,0.00101469,0.00320645,0.0012945,0.00631686,0.103671
img_07110.jpg,0.883984,0.000759068,0.000320506,0.000372628,0.00166728,0.1112,0.00126273,0.000434271
img_05718.jpg,2.83924e-05,0.351368,0.00108293,0.062357,0.00869478,0.0225496,0.00468988,0.549229
img_07623.jpg,0.907004,0.0172702,0.00141769,0.0016534,0.0632628,0.000494871,0.00198975,0.00690701
img_02889.jpg,0.810665,0.00385235,0.0035831,0.125109,0.0449136,0.00274953,0.00176305,0.00736467
img_04860.jpg,0.983339,0.00028535,8.36215e-05,0.00461248,0.00868337,0.00146439,0.000573513,0.000958068
img_04856.jpg,0.925358,0.00126462,0.00226322,0.00948647,0.0277853,0.00570835,0.00163998,0.0264936
img_02865.jpg,0.014195,0.965074,8.52759e-05,0.000275615,0.00151191,0.000155104,6.77115e-05,0.0186352
img_04990.jpg,0.00213094,0.0023896,0.000136347,8.77835e-05,0.000104174,5.2865e-05,0.00594022,0.989158
img_07137.jpg,0.855028,0.0576985,0.0109086,0.00429874,0.0327065,0.0026425,0.00847475,0.0282419
img_00289.jpg,0.700184,0.000395635,0.00013327,0.00046701,0.297382,0.00111537,0.000230841,9.17987e-05
img_00575.jpg,0.69683,0.00439603,0.00151231,0.00159229,0.0133861,0.0892432,0.0491951,0.143845
img_04408.jpg,0.840272,0.0777437,0.000161108,0.0748029,0.000580146,0.00154755,0.00155804,0.00333411
img_05433.jpg,0.777521,0.00151113,0.000666297,0.00280635,0.00781959,0.205102,0.000131443,0.00444226
img_03260.jpg,0.98066,0.000609218,0.000275906,0.000793336,0.00923941,0.00594069,0.000639324,0.00184177
img_05292.jpg,0.780814,0.0155536,0.00106491,0.000410364,0.00236548,0.147916,5.08223e-06,0.051871
img_04661.jpg,0.831285,0.0378771,0.00131855,0.00345635,0.00421813,0.119461,0.00164336,0.000740846
img_02726.jpg,0.200781,0.0314912,0.0683582,0.0183765,0.415409,0.264835,0.000573831,0.00017441
img_04752.jpg,0.203767,0.00270988,0.00314093,0.678683,0.000622986,0.107623,0.00342382,2.85763e-05
img_07689.jpg,0.00585462,0.00304064,0.0169685,0.964335,0.00250747,0.00396769,0.000229885,0.00309605
img_07065.jpg,1.15399e-05,0.560648,0.000253235,0.0115314,0.000427143,0.00236863,0.00129831,0.423461
img_05236.jpg,0.388351,0.359554,0.0021335,0.00184238,0.000163668,0.136813,9.79588e-05,0.111043
img_00018.jpg,0.924633,0.000379572,0.000243943,0.00078315,0.000632334,0.0436986,0.00155739,0.0280723
img_00005.jpg,0.00113635,5.57747e-05,0.000620947,0.000105091,0.997108,2.86274e-05,0.000937536,7.79404e-06
img_05038.jpg,0.87499,0.0178299,0.00131028,0.000298476,0.00766006,0.00194484,0.00215772,0.0938092
img_02646.jpg,0.000198274,0.0025952,0.000263904,0.000296504,0.00026011,0.0369196,0.000523752,0.958943
img_05341.jpg,0.961933,0.000837715,0.000160137,0.000273178,0.0350848,0.000962586,7.94468e-05,0.000668712
img_06549.jpg,0.990238,0.00104007,3.39719e-05,0.000122326,0.000288005,0.00760985,0.000516066,0.0001518
img_06684.jpg,0.996491,0.000535343,2.09092e-05,4.30228e-05,2.22394e-05,0.0025066,0.000247232,0.000133449
img_05410.jpg,8.23419e-06,0.0036533,0.0278618,0.000277405,8.61659e-05,0.0109572,0.000642779,0.956513
img_03892.jpg,0.0800478,0.00853126,0.0112752,0.00261384,0.010776,0.509326,0.0733405,0.30409
img_00538.jpg,0.941096,0.000407109,0.00177499,0.0124356,0.00100321,0.00534065,0.00854125,0.0294014
img_00664.jpg,0.99711,0.0015051,0.000538708,2.07914e-05,0.0006287,0.000159984,2.33968e-05,1.34409e-05
img_05459.jpg,0.357089,0.190618,0.0211413,0.0162269,0.0115293,0.0374311,0.00416054,0.361804
img_04921.jpg,0.0597026,0.000871934,0.0049277,0.00131904,0.0156962,0.834367,0.0812233,0.00189191
img_05673.jpg,0.841759,0.0703377,0.00548967,0.00383905,0.015844,0.0594241,0.00145449,0.00185238
img_04004.jpg,0.877648,0.00540341,0.000677654,0.00104025,0.00467936,0.104901,0.000724583,0.00492601
img_05439.jpg,0.988686,0.000185384,4.03065e-05,0.00201864,0.00700031,0.000919952,0.000493592,0.00065604
img_05682.jpg,0.0587166,0.0125465,0.00388871,0.00374681,0.00281263,0.11717,0.0514792,0.74964
img_01995.jpg,6.86671e-05,0.315965,0.00144884,0.0701283,0.00242407,0.0604823,0.0027225,0.54676
img_01669.jpg,0.127846,0.00571313,0.0396854,0.810427,0.00290144,0.0128955,0.00045326,7.78116e-05
img_05568.jpg,0.850079,0.0745384,0.000356467,0.00918681,0.053899,0.0016809,0.0018245,0.00843514
img_06909.jpg,0.954832,0.0383567,0.00286828,0.00176633,0.000362217,0.00108707,0.000275009,0.000452159
img_00442.jpg,2.39388e-07,8.35323e-05,0.000269459,2.92639e-05,1.42787e-07,0.000140193,7.40284e-05,0.999403
img_06099.jpg,0.588662,0.0587937,0.0137025,0.00181567,0.32337,0.0020746,0.003834,0.00774758
img_03238.jpg,0.898038,0.00534955,0.00121697,0.0022425,0.0173383,0.0239818,0.00039249,0.0514401
img_06324.jpg,0.766164,0.0800316,0.00238706,0.0267843,0.00093591,0.108268,0.000908496,0.0145204
img_02372.jpg,0.000711782,0.000128051,0.000125837,0.000457111,0.99741,0.000411092,0.000597081,0.000159162
img_01724.jpg,0.962661,0.000490725,0.000400084,0.000318356,0.00293245,0.0315566,0.000958869,0.000682154
img_00724.jpg,0.0997039,0.016243,0.00226285,0.0486768,0.00691931,0.0258114,0.442821,0.357561
img_00837.jpg,0.921544,0.00900353,0.00142082,0.00371738,0.0377297,0.0194364,0.00639801,0.000749996
img_02347.jpg,0.12601,0.00276368,0.011758,0.00117769,0.84585,0.00178636,0.00234472,0.00830933
img_04586.jpg,0.990783,0.00604295,0.000875004,0.000961069,0.000177371,0.000922542,0.000141816,9.58166e-05
img_00141.jpg,8.67055e-06,0.000266836,0.000559708,9.96679e-05,8.50058e-06,1.53977e-05,3.86076e-05,0.999003
img_03584.jpg,5.12495e-05,0.0345512,0.0838782,0.00206169,0.0659513,0.000120096,0.000549125,0.812837
img_01745.jpg,0.981797,3.8543e-05,0.00823869,0.00692402,0.000302929,0.00129514,0.000119863,0.00128392
img_05525.jpg,0.913934,0.0159955,0.0034015,0.000840694,0.0409904,0.0173536,0.0071607,0.000324025
img_00591.jpg,0.236891,0.00255498,0.00040893,0.000550752,0.00071658,0.197509,0.00027209,0.561097
img_01373.jpg,0.19401,0.000186467,0.000273534,0.000206934,0.791103,0.0136091,0.000541041,6.98492e-05
img_03457.jpg,0.964436,0.00308607,0.00023998,0.00039978,0.00160353,0.0296124,0.000238324,0.000383559
img_04268.jpg,0.969982,0.00111821,0.000159317,0.000201822,0.0075023,0.0160737,3.9156e-05,0.00492379
img_06698.jpg,0.810757,0.0015633,0.000701227,0.00324155,0.0150467,0.159449,0.000102926,0.0091387
img_06946.jpg,0.983785,0.00352,7.42529e-05,5.16805e-05,0.000574133,0.00189836,1.25409e-05,0.0100841
img_06440.jpg,0.0434175,0.000835316,0.000953565,0.000577994,0.0032707,0.933276,0.0169587,0.000709683
img_02416.jpg,0.290969,0.220895,0.0172774,0.0137524,0.146637,0.024856,0.00794876,0.277664
img_03440.jpg,4.2465e-05,0.00782627,0.195627,0.00131503,0.00551708,0.000171002,0.000239002,0.789262
img_05488.jpg,0.912907,0.0023761,0.0012643,0.0062684,0.00185925,0.0703898,0.00477276,0.000162563
img_00533.jpg,0.542535,0.230718,0.00437634,0.00503707,0.00143778,0.00860276,0.00309355,0.2042
img_00618.jpg,0.838743,0.0013959,0.000465096,0.000795755,0.146104,0.0102633,0.0013823,0.000850974
img_06037.jpg,0.569544,0.0100408,0.0100748,0.00704432,0.0212904,0.0777288,0.281,0.0232773
img_04037.jpg,0.781751,0.0383765,0.0311619,0.00234158,0.0958632,0.0352173,0.00415277,0.0111358
img_04101.jpg,0.95401,0.0039249,0.000980056,0.000247846,0.000768367,0.0376993,0.00220471,0.000164752
img_03297.jpg,0.991651,0.000863255,0.000551508,0.00212263,0.00265183,0.00150047,0.000211822,0.000447234
img_05612.jpg,0.923702,0.0514671,0.00155099,0.00302745,0.011781,0.00827829,0.000151927,4.11065e-05
img_05489.jpg,0.716392,0.25045,0.00578913,0.00333988,0.000554411,0.0222288,0.0011512,9.44125e-05
img_01853.jpg,0.028578,0.00135677,0.000152302,0.000421916,0.000228427,0.00184528,9.05332e-05,0.967327
img_01505.jpg,0.00628229,0.918865,0.000308986,0.000327224,0.00325778,7.6245e-05,0.000133609,0.0707492
img_05558.jpg,0.971407,0.00368321,0.000106188,2.26966e-05,0.000155934,0.000342684,1.23091e-05,0.0242699
img_00417.jpg,6.64851e-05,0.000115419,1.8319e-05,0.0107754,7.7796e-06,0.00213836,0.00146466,0.985414
img_04520.jpg,0.479149,0.0719417,0.039646,0.00810044,0.0509315,0.0238418,0.204882,0.121507
img_01984.jpg,0.022576,0.0136362,0.00234667,0.000658497,0.000191377,0.000175217,0.000488822,0.959927
img_05948.jpg,0.0718037,0.000251892,6.79639e-05,0.000223232,0.000639414,0.77268,0.153606,0.000727628
img_01874.jpg,0.403776,0.000219227,0.000165372,0.000367138,0.0311019,0.55872,0.00461436,0.00103561
img_07187.jpg,0.991386,0.00063186,0.000144975,0.000116779,0.00724371,7.80206e-05,6.81131e-05,0.000330821
img_03674.jpg,0.000333368,1.50082e-05,1.00305e-05,2.60463e-05,0.999443,4.9532e-06,0.000165187,2.4698e-06
img_02899.jpg,0.954921,0.00124851,0.000491625,0.0330414,0.0013001,0.00741166,0.00157331,1.22494e-05
img_06756.jpg,0.988247,0.000332206,9.63344e-05,0.00164705,0.00826767,0.000811468,0.000478319,0.000119575
img_04375.jpg,0.00137222,6.98389e-05,0.00038108,0.00023832,0.997367,7.64889e-05,0.000284817,0.00021007
img_02666.jpg,0.99779,0.000263267,6.77891e-05,1.97136e-05,0.00117476,0.000218802,0.000248752,0.000216504
img_01856.jpg,0.992592,0.00144785,3.56e-05,0.000160341,0.000462078,0.00224873,0.000350868,0.00270243
img_03809.jpg,0.976609,0.00115399,0.000188666,0.00113359,0.00101587,0.00205216,0.00741886,0.0104283
img_02709.jpg,0.809146,0.00195955,0.00232434,0.145783,0.00946754,0.00137085,0.00128555,0.0286626
img_05026.jpg,0.892907,0.0186292,0.000181733,6.41284e-05,0.000467039,0.00602561,1.08346e-05,0.0817143
img_05445.jpg,0.989627,0.000343508,5.71654e-05,0.000869751,0.0070982,0.00163327,0.000256944,0.000114585
img_06962.jpg,0.089176,0.0815341,0.0195804,0.00865151,0.000421378,0.271713,0.279514,0.24941
img_05794.jpg,0.9979,0.000287839,8.22914e-05,5.43647e-05,0.00016762,0.00122129,0.000163769,0.000123181
img_07436.jpg,0.0548267,0.0322611,0.0045329,0.00388818,0.000470891,0.392315,0.313151,0.198554
img_03310.jpg,0.879287,0.0147065,0.00222191,0.00728406,0.00715672,0.0884772,0.000685508,0.0001812
img_06849.jpg,0.222272,0.148393,0.00201343,0.00156866,0.00803603,0.000305597,0.00289535,0.614516
img_04719.jpg,0.408385,0.00081939,0.000504094,0.0013881,0.490619,0.0909738,0.00376838,0.00354184
img_03715.jpg,0.0186389,0.00579772,0.0178784,0.936729,0.00630744,0.00408717,0.00324683,0.00731472
img_05137.jpg,0.775351,0.0316455,0.0015265,0.00967931,0.00892867,0.113547,0.000551727,0.0587704
img_07304.jpg,0.904642,0.0151178,0.00621527,0.00198421,0.0453291,0.0223621,0.00382209,0.000527573
img_05095.jpg,0.934372,0.0602384,0.0010897,0.000586854,0.000268548,0.0011593,0.000169052,0.00211594
img_01043.jpg,0.00338936,1.46447e-05,0.000143262,5.43206e-05,0.996088,0.000178689,0.000128153,3.76853e-06
img_07583.jpg,0.780103,0.0122231,0.00144884,0.0107228,0.0711503,0.0152021,0.0503983,0.0587519
img_06832.jpg,0.896833,0.00643494,0.0160898,0.0313445,0.00103763,0.037984,0.00220701,0.00806901
img_03527.jpg,1.58749e-07,0.000363022,0.210316,0.000537742,1.50008e-05,0.00043797,6.82363e-05,0.788262
img_04879.jpg,0.00834209,0.0155439,0.000863826,0.00860852,0.0640991,0.901381,0.000591548,0.000569932
img_06690.jpg,0.000106513,0.00390932,0.242472,0.0129495,0.000733234,0.0394231,0.00253038,0.697876
img_03254.jpg,0.0410302,0.00149462,0.00157333,0.000884695,0.0156551,0.911159,0.0274195,0.000783715
img_07906.jpg,0.00549896,0.0543473,0.655848,0.000857175,0.00163136,0.0221204,0.00357448,0.256122
img_04712.jpg,0.103714,0.0240171,0.240703,0.0126099,0.236404,0.127416,0.00385122,0.251285
img_00380.jpg,0.972614,0.00810672,0.00500519,0.0043577,0.00612224,0.00189164,0.0010733,0.000829603
img_03074.jpg,0.9962,0.00106933,0.000187964,0.000354214,5.29927e-05,0.000772333,0.00126098,0.000102649
