image,ALB,BET,DOL,LAG,NoF,OTHER,SHARK,YFT
img_01444.jpg,0.563765,0.232223,0.00504497,0.00118522,0.00311386,0.139565,0.00110734,0.0539949
img_03140.jpg,0.928209,0.0476936,0.00323858,0.00112503,0.00593279,0.00386913,0.00405601,0.00587536
img_03290.jpg,0.0741491,0.00116052,0.000609219,0.000765909,0.00164181,0.0999416,0.00172203,0.82001
img_05064.jpg,0.648386,0.0759215,0.0597419,0.0130905,0.0887798,0.016144,0.0114422,0.0864946
img_06642.jpg,0.000378596,0.00253015,2.69056e-05,0.000181331,2.31489e-05,1.97775e-05,1.60633e-05,0.996824
img_07143.jpg,0.000283451,4.79268e-05,0.000112864,1.88959e-05,0.999359,2.8754e-06,0.000170354,4.60973e-06
img_02602.jpg,0.875496,0.049706,0.00675001,0.00189245,0.0446237,0.00703885,0.00780114,0.00669222
img_01538.jpg,0.903592,0.0146641,0.000700434,0.00049384,4.33054e-05,0.0784008,0.00163372,0.000472318
img_02159.jpg,0.0241683,0.000809721,0.00274467,0.00536352,0.966463,0.000189507,0.000237711,2.33859e-05
img_06807.jpg,0.088982,0.000845637,0.000442336,0.00147198,0.870084,0.00327658,0.0344959,0.000401085
img_06845.jpg,0.306289,0.204148,0.0537753,0.014133,0.00693903,0.00976122,0.147581,0.257373
img_02734.jpg,0.712759,0.231551,0.0182814,0.00204259,0.00908339,0.0210931,0.00139043,0.00379878
img_02702.jpg,0.996134,7.41692e-05,6.65822e-05,5.03707e-05,0.0016775,0.000522967,0.000178458,0.00129587
img_02231.jpg,0.476898,0.0172163,0.00494783,0.0491244,0.355074,0.0645028,0.0272173,0.00501958
img_07371.jpg,0.00255716,0.0213248,0.635215,0.00220242,0.00113503,0.010744,0.00275997,0.324062
img_01562.jpg,0.00149891,0.00995327,0.000248545,0.000426151,0.000247539,4.93249e-05,0.0253994,0.962177
img_07908.jpg,0.548417,0.00867578,0.014323,0.0819738,0.044622,0.00619768,0.0187466,0.277044
img_05156.jpg,0.601755,0.00177282,0.000447901,0.00147584,0.0446251,0.344523,0.0036483,0.00175239
img_06555.jpg,0.396273,0.154732,0.0587632,0.140224,0.0963838,0.0280031,0.00373992,0.12188
img_04323.jpg,0.0271196,0.000883429,0.000324446,0.000909636,0.950571,0.00182023,0.0181336,0.000238045
img_02838.jpg,0.652433,0.0863674,0.00399985,0.0220761,0.216374,0.0013742,0.000397201,0.0169781
img_06800.jpg,0.000914284,0.000111486,0.0012665,0.00568253,0.991534,7.01e-05,0.000175149,0.000246354
img_06003.jpg,0.549964,0.0719531,0.00312045,0.00568711,0.0192489,0.025406,0.0389799,0.285641
img_01966.jpg,0.92022,0.0734463,0.00166283,0.00124979,0.000533459,0.00073684,0.00147514,0.000675487
img_01426.jpg,0.491019,0.231298,0.000911631,0.00319826,0.000383443,0.0736313,0.051003,0.148555
img_01688.jpg,0.536605,0.070966,0.00589046,0.00493037,0.0283141,0.147492,0.032201,0.1736
img_01031.jpg,0.690821,0.025369,0.213617,0.00430201,0.000816231,0.0565778,0.00491328,0.0035837
img_04237.jpg,7.22598e-05,0.998442,5.00269e-05,0.000324078,7.7126e-05,0.000508691,0.000198589,0.000327422
img_06947.jpg,0.000234076,0.00197947,0.000730716,0.00122347,0.966181,0.000750083,0.000850521,0.0280507
img_06186.jpg,0.884279,0.0232869,0.014502,0.00646377,0.0425836,0.0229892,0.0041523,0.00174307
img_02398.jpg,0.602381,0.0035092,0.000633607,0.00496812,0.133181,0.072588,0.00505299,0.177686
img_06294.jpg,0.989846,0.00733741,4.66042e-05,0.000174632,0.00133663,0.00123744,4.40503e-06,1.67576e-05
img_07910.jpg,0.992202,0.00467478,0.0010703,3.02784e-05,0.00126581,0.000457717,9.82162e-05,0.000201268
img_05284.jpg,0.586312,0.332637,0.00124014,0.00374568,0.00400782,0.0300916,0.0160079,0.0259582
img_05209.jpg,0.819697,0.0967634,0.0543631,0.00724907,0.0140312,0.00257472,0.00169583,0.00362599
img_00102.jpg,0.343631,0.0738331,0.00456262,0.00720398,0.00258722,0.241629,0.00322916,0.323323
img_07616.jpg,0.597759,0.100206,0.0624454,0.0136236,0.0604184,0.0181555,0.0112986,0.136094
img_06616.jpg,0.329599,0.0165931,0.00829261,0.00534201,0.132847,0.181596,0.00360942,0.322122
img_07192.jpg,0.585414,0.00850067,0.00847392,0.00128196,0.370481,0.00389162,0.00171714,0.0202396
img_04888.jpg,0.979268,0.00282824,0.000134033,0.000261565,0.00159046,0.000660476,0.000303232,0.014954
img_00375.jpg,0.191835,0.134669,0.324604,0.0730617,0.259688,0.0149086,0.00110219,0.000131901
img_03283.jpg,0.000584904,0.00733253,0.00853875,0.0214908,1.24687e-05,0.00141404,0.000383943,0.960243
img_01511.jpg,0.951887,0.00090776,0.00395152,0.00142983,0.00666243,0.0306644,0.00430824,0.000189249
img_01552.jpg,0.998037,0.000917409,8.03537e-05,1.8561e-05,0.000407728,0.000447268,5.88513e-05,3.32057e-05
img_03670.jpg,0.75286,0.00257222,0.0375646,0.0144846,0.168995,0.00676825,0.0110979,0.00565754
img_05950.jpg,0.926589,0.0380852,0.019723,0.000325318,0.00447765,0.0075143,0.00266437,0.000621127
img_06475.jpg,0.49955,0.0102269,0.00250173,0.00785184,0.0114898,0.101965,0.0130277,0.353387
img_03588.jpg,0.13317,0.000288926,0.000737918,0.00672729,0.0621577,0.78388,0.010851,0.00218699
img_03974.jpg,0.660132,0.00130555,0.00769859,0.000546438,0.311757,0.00574825,0.00099603,0.0118154
img_04640.jpg,0.688725,0.00122716,0.00127357,0.00421427,0.0396258,0.261627,0.000148377,0.0031582
img_00280.jpg,0.326133,0.00211636,0.00487886,0.00259656,0.653045,0.00178798,0.00262985,0.00681201
img_03548.jpg,0.229961,0.0205899,0.01183,0.00535848,0.0040685,0.0364839,0.0661365,0.625572
img_07833.jpg,0.870034,0.0642501,0.000933987,0.000696562,0.00403794,0.0127448,0.00768171,0.0396214
img_07543.jpg,0.00170417,0.000835475,2.55541e-05,2.61322e-05,0.99737,3.41109e-06,1.97292e-05,1.52041e-05
img_02890.jpg,0.371761,0.0638929,0.0186745,0.0076284,0.00852935,0.522216,0.00698346,0.000313503
img_00484.jpg,0.558082,0.11061,0.0455195,0.039997,0.00676317,0.00415273,0.1438,0.0910752
img_01627.jpg,0.985393,0.00103436,0.000287323,0.000129231,1.42603e-05,0.0123513,0.000529494,0.000261509
img_07278.jpg,0.983499,0.00501755,0.000237633,0.000197407,0.0065672,0.00217452,0.000117116,0.00218913
img_03116.jpg,2.36427e-05,0.022159,0.0453996,0.00247673,0.678332,6.80856e-05,0.00141799,0.250123
img_02307.jpg,0.156978,0.236933,0.00528704,0.00797592,0.221744,0.0153391,0.0204982,0.335245
img_05085.jpg,0.359756,0.00401772,0.00574542,0.00957832,0.57727,0.00122452,0.00390897,0.0384988
img_05393.jpg,0.418495,0.133522,0.00131701,0.00911409,0.000144908,0.0839169,0.088923,0.264567
img_05654.jpg,0.861467,0.00123592,0.000345713,0.0236964,2.16521e-05,0.109752,0.00281035,0.000670714
img_07921.jpg,0.00318138,0.000755522,5.63785e-06,0.000314692,7.78796e-05,0.995261,9.63976e-05,0.000307565
img_05440.jpg,0.904848,0.0472116,0.01603,0.00824649,0.0203153,0.00166502,0.000637497,0.00104651
img_04272.jpg,0.870203,0.00183702,0.00108626,0.000287907,0.0167123,0.00266453,0.00229804,0.104911
img_07792.jpg,0.128573,0.358419,0.0191334,0.00871716,0.0308884,0.305017,0.000479799,0.148772
img_00921.jpg,0.424736,0.0040553,0.00322519,0.00724805,0.0935166,0.116243,0.00952531,0.34145
img_02651.jpg,0.992797,0.000266913,0.00234926,0.000103002,0.00327207,0.000129845,6.24268e-05,0.00101933
img_04263.jpg,0.943736,0.000858286,0.000204233,0.00102806,0.0495942,0.0035873,0.000530002,0.000461791
img_02546.jpg,0.207649,0.141953,0.00533973,0.00915224,0.155108,0.00282182,0.0175641,0.460412
img_03239.jpg,3.09541e-08,2.77943e-05,1.53219e-06,4.62538e-06,2.04908e-06,1.00785e-05,0.999942,1.14175e-05
img_07045.jpg,0.562024,0.00615144,0.0012694,0.00074019,0.154074,0.000201462,0.00347374,0.272065
img_00587.jpg,0.554671,0.0601971,0.0028433,0.00237021,0.00796671,0.178971,2.9397e-05,0.192951
img_01983.jpg,0.217746,0.0216545,0.0663165,0.0163605,0.432126,0.244532,0.000870792,0.000393845
img_05743.jpg,0.311804,0.233155,0.0562076,0.00456799,0.0117372,0.369918,0.012254,0.000356767
img_02066.jpg,0.37907,0.0443169,0.0117758,0.0154018,0.382561,0.0669828,0.0112714,0.0886206
img_02252.jpg,0.788782,0.000284182,0.000140558,0.000333889,0.190273,1.09832e-05,0.000371803,0.019803
img_06426.jpg,0.793198,0.00796699,0.00112763,0.000612221,0.0168363,0.00109549,0.00314076,0.176022
img_05548.jpg,0.968705,0.0004444,0.000785185,0.00601257,1.56117e-05,0.0229641,0.00095351,0.000119229
img_07213.jpg,0.0891066,0.349708,0.346636,0.0138375,0.0666006,0.120717,0.0107529,0.00264085
img_02281.jpg,0.000275238,0.017162,0.0305336,0.91382,0.00784743,0.00125806,0.000734402,0.0283697
img_03069.jpg,0.0481207,0.0547224,0.00261122,0.163725,0.000347913,0.115039,0.00362387,0.61181
img_06203.jpg,0.393392,0.00471311,0.00582551,0.00171968,0.061219,0.0283178,0.0742679,0.430545
img_04642.jpg,0.433424,0.00441091,0.000661806,0.00115944,0.55481,0.00241423,0.000505153,0.00261456
img_05835.jpg,0.604962,0.129341,0.00785788,0.0300956,0.200238,0.00303044,0.000761874,0.0237123
img_06658.jpg,0.0787408,0.000593949,0.000287253,0.00142844,0.000171223,0.317679,0.0120853,0.589014
img_03602.jpg,0.236515,0.00965391,0.00380044,0.00519375,0.165319,0.557915,0.0165975,0.00500608
img_06902.jpg,0.454782,0.00167884,0.00393303,0.00596903,0.513051,0.000540955,0.00171237,0.0183321
img_07068.jpg,0.1058,0.239492,0.00912941,0.00320927,0.00912499,0.0264187,0.108578,0.498248
img_05293.jpg,0.00038058,0.347592,0.00139609,0.371043,0.00151312,0.0319125,0.021838,0.224325
img_03471.jpg,0.000782306,0.000236721,0.00320292,0.9672,0.000168411,0.000727452,0.00178454,0.0258978
img_01102.jpg,0.138455,0.159072,0.178056,0.0551267,0.0781748,0.00109386,0.0118158,0.378205
img_00483.jpg,0.977139,0.00391572,0.000562728,0.000476669,0.00607941,0.00044903,0.00124541,0.0101317
img_04044.jpg,0.794816,0.00363432,0.0222564,0.0119646,0.157394,0.0011848,0.00479203,0.0039581
img_01388.jpg,0.648199,0.0305784,0.00086973,0.000720274,0.00453015,0.310138,0.00120154,0.00376261
img_07094.jpg,0.984116,0.00265035,0.000850999,0.000376946,0.00175899,8.47572e-05,0.000451071,0.00971092
img_02074.jpg,0.622823,0.233359,0.00903883,0.0979596,0.0171819,0.0174375,0.00081664,0.00138323
img_03312.jpg,0.958515,0.00597647,0.000252265,0.000240021,1.50509e-05,0.0222623,0.0031815,0.00955758
img_05640.jpg,0.872695,0.00540748,0.00280121,0.00242918,0.105166,0.00277349,0.00166446,0.00706264
img_01204.jpg,0.000637224,0.957316,0.00067783,0.000583219,0.00733013,9.01625e-05,0.000156071,0.0332094
img_05915.jpg,0.00156409,0.00833473,0.421789,0.000974015,0.000197947,0.0310348,0.00383036,0.532275
img_02556.jpg,0.411817,0.006722,0.000487773,0.00108312,0.000908409,0.00125093,0.000390553,0.57734
img_04410.jpg,0.587681,0.0382531,0.0714065,0.0872275,0.0252327,0.164953,0.00412153,0.0211244
img_01059.jpg,0.595554,0.0377425,0.00101511,0.00135197,0.00287676,0.17527,0.05883,0.127359
img_07060.jpg,0.269517,0.0393465,0.049314,0.0280101,0.000439347,0.244064,0.0140759,0.355233
img_05211.jpg,0.28121,0.192544,0.00653422,0.014061,0.179958,0.0132011,0.0129072,0.299584
img_02974.jpg,0.878851,0.00874896,0.000763335,0.00503939,0.0586144,0.000491898,0.000532409,0.0469584
img_03866.jpg,0.813982,0.0109416,0.000510207,0.00499135,0.0244959,0.117715,0.00248991,0.0248741
img_00948.jpg,0.214405,0.0072973,0.00548341,0.0133337,0.66187,0.00125116,0.00391082,0.092449
img_02299.jpg,0.250985,0.242632,0.0475211,0.0513911,0.000147143,0.266359,0.00759692,0.133367
img_06611.jpg,0.000180387,0.100868,0.0618167,0.00254709,0.0190004,0.00141665,0.00108237,0.813088
img_01976.jpg,0.969646,0.000797373,4.57389e-05,0.000302996,0.000725654,0.00117634,0.000303752,0.0270017
img_02522.jpg,0.936614,0.00443273,0.00341731,0.00716788,0.032478,0.00715678,0.00407921,0.0046545
img_07146.jpg,0.104189,0.000937067,0.00145599,0.00271212,0.845645,0.00264708,0.0302653,0.0121488
img_02194.jpg,0.891539,0.00109433,9.7505e-05,0.000186809,0.100563,0.00614132,0.000186612,0.000191432
img_01955.jpg,8.4681e-05,5.47334e-05,0.000495521,8.06571e-05,0.000291939,9.55986e-05,0.000494443,0.998402
img_00120.jpg,0.00120492,0.00452188,0.000261558,0.000395143,0.00062798,7.48088e-05,0.0219695,0.970944
img_04156.jpg,0.481746,0.0102674,0.306769,0.00446652,0.0124751,0.141663,0.0191132,0.0235003
img_00053.jpg,0.82,0.00213142,0.022374,0.0254608,0.0228889,0.000648079,0.0188688,0.0876286
img_01366.jpg,0.193614,0.211,0.0687405,0.00520266,0.00746705,0.50599,0.00777898,0.00020657
img_02857.jpg,0.121252,0.108927,0.00349534,0.0014611,0.750402,0.00409146,0.00517396,0.00519728
img_06147.jpg,0.31052,0.150626,0.0140201,0.0232795,0.0187888,0.0109588,0.285456,0.186351
img_01646.jpg,0.913312,0.00815548,0.00622542,0.0506651,0.0026668,0.00474801,0.0138769,0.000349838
img_00493.jpg,0.106158,0.0368504,0.0231616,0.0232511,0.72867,0.077692,0.00133004,0.00288662
img_04306.jpg,0.991023,0.00191769,0.000406647,0.000203587,4.73681e-05,9.20177e-05,0.000214006,0.00609547
img_03333.jpg,0.621977,0.00371545,0.000340248,0.00125957,0.00564872,0.355908,0.00720006,0.00395085
img_01413.jpg,0.882052,0.00360066,0.00273591,0.00335532,0.104061,0.000953133,0.000681213,0.00256124
img_00894.jpg,0.256538,0.0208651,0.0146942,0.00123565,0.571621,0.00176041,0.00159545,0.13169
img_00667.jpg,0.00132168,0.942145,0.00077647,0.000659513,0.00447593,0.000101255,0.000107618,0.0504124
img_05046.jpg,0.125926,0.231578,0.00373656,0.0079809,0.260616,0.0172695,0.0219477,0.330946
img_04425.jpg,0.746898,0.1361,0.00210357,0.00468683,0.0139821,0.00717752,0.00412575,0.0849266
img_02789.jpg,0.0113489,0.000127169,0.00573531,0.000657458,0.956891,0.000552167,0.0246607,2.74124e-05
img_05508.jpg,0.724296,0.00567997,0.00358715,0.00302172,0.00615198,0.00101437,0.00230435,0.253944
img_04257.jpg,0.311239,0.00666552,0.000787256,0.00118895,0.676568,0.000677682,0.000450611,0.00242304
img_07467.jpg,0.943652,0.00625752,0.000214288,0.000596915,0.0442773,0.00164832,0.000276528,0.00307718
img_03847.jpg,0.0209941,0.26254,0.00119701,0.118323,0.00379835,0.525159,0.00328722,0.0647019
img_00914.jpg,0.000717877,0.0173286,0.033692,0.00144285,0.0112037,0.0118986,0.00283448,0.920882
img_04415.jpg,0.677988,0.00538423,0.00327555,0.00449049,0.131849,0.0448305,0.0248215,0.107361
img_01537.jpg,0.975802,0.0011597,0.000756662,0.000471546,0.00220636,0.0178703,0.00110832,0.000625139
img_07156.jpg,0.605426,0.00100931,0.00289361,0.000508949,0.00211381,0.381161,0.00671226,0.000174486
img_05021.jpg,0.00558926,4.75193e-05,6.19731e-06,4.16743e-05,0.993804,3.14517e-05,0.000439453,4.06918e-05
img_00855.jpg,0.829016,0.002059,0.0760054,0.0255008,0.00491795,0.0056389,0.00523795,0.0516242
img_03370.jpg,0.967543,0.000225078,2.35848e-05,0.000161508,0.000176226,0.00114539,2.20747e-05,0.0307033
img_07508.jpg,0.275841,0.0887841,0.0922422,0.0209077,0.0880004,0.0204992,0.308275,0.10545
img_02699.jpg,0.486039,0.00229751,0.00348205,0.0061935,0.374387,0.00411047,0.0134209,0.110069
img_05754.jpg,0.468295,0.00286999,0.0391545,0.00722923,0.157405,0.306227,0.0137151,0.00510381
img_05768.jpg,0.000249621,0.0019085,0.000351381,0.000359986,0.000144734,8.99067e-05,0.0201199,0.976776
img_07173.jpg,0.000260926,0.000140747,5.99828e-06,0.000987192,3.96941e-06,0.000255737,0.000344205,0.998001
img_02422.jpg,0.762198,0.0740967,0.00333563,0.00994541,0.00726603,0.109672,0.00105925,0.0324266
img_07757.jpg,0.372032,0.00505311,0.00911438,0.00178359,0.546416,0.00323656,0.00581342,0.0565504
img_07183.jpg,0.00080125,0.409458,0.00174472,0.0458337,0.0050662,0.0477042,0.00306637,0.486326
img_01441.jpg,0.00042259,0.00330646,0.00103302,0.000477919,0.000288799,0.00219723,0.0133853,0.978889
img_07179.jpg,0.00549336,5.24415e-05,2.60835e-05,0.000153001,0.994219,1.26986e-05,3.73508e-05,6.17621e-06
img_02641.jpg,0.943697,0.00479941,0.00493148,0.00584333,0.00677576,0.00745561,0.00281983,0.0236776
img_01177.jpg,0.577226,0.000885317,0.0288237,0.0319396,0.316579,0.0181658,0.00820341,0.018177
img_02964.jpg,3.41078e-05,0.00199152,0.00194855,0.000291302,8.67632e-05,0.000305369,0.000186509,0.995156
img_07448.jpg,0.537322,0.0481169,0.0298836,0.206248,0.0147702,0.0167102,0.0111668,0.135782
img_05735.jpg,0.18372,0.278948,0.0045797,0.0228472,0.0211916,0.247113,0.00124079,0.24036
img_03739.jpg,0.000126423,0.0107424,0.0123777,0.000123824,5.05277e-05,0.00156047,0.00018155,0.974837
img_01685.jpg,0.223589,0.15616,0.0466509,0.00753417,0.428662,0.130362,0.00506106,0.00198044
img_06368.jpg,0.16953,0.241953,0.155781,0.0169538,0.150665,0.260304,0.00442373,0.000389257
img_07237.jpg,0.719971,0.0392297,0.00216259,0.0120377,0.000205558,0.135547,0.0120806,0.0787657
img_02268.jpg,0.73649,0.00524434,0.00309376,0.0719999,0.098611,0.0105894,0.00312491,0.0708467
img_01888.jpg,0.00949662,0.00337153,2.08129e-05,0.00104397,1.78736e-05,0.984789,0.000167515,0.00109303
img_05076.jpg,0.277553,0.0325582,0.00174369,0.00172028,0.0026853,0.0223499,0.000575003,0.660815
img_05657.jpg,0.322644,0.00986982,0.0112109,0.00206764,0.586898,0.00306452,0.00586499,0.0583797
img_05580.jpg,0.056217,0.030985,0.00128527,0.000646086,0.00117697,0.000366313,0.0307037,0.87862
img_04183.jpg,0.357024,0.00289582,0.000264962,0.00175885,0.00301702,0.0130657,0.000630441,0.621343
img_00027.jpg,0.532303,0.0852832,0.00398472,0.00392411,0.00915787,0.357558,1.94657e-05,0.00777012
img_02270.jpg,0.59107,0.119067,0.0594709,0.0107027,0.12494,0.0219881,0.0062298,0.0665315
img_02077.jpg,0.180822,0.013897,0.0157432,0.565635,0.00559422,0.21414,0.00410578,6.27978e-05
img_00358.jpg,0.311672,0.0830944,0.0038559,0.00876019,0.00386452,0.0869424,0.00371012,0.4981
img_00119.jpg,0.0909791,0.766594,0.00264347,0.00225854,0.00969513,0.00012713,0.000384968,0.127318
img_02842.jpg,0.160854,0.00587539,0.00808316,0.00388816,0.123264,0.667976,0.0268219,0.00323747
img_07352.jpg,0.927222,0.0038444,4.82118e-05,0.000813448,0.0115377,0.000242676,0.000342061,0.0559497
img_02078.jpg,0.110775,0.0126664,0.169526,0.0118319,0.603371,0.000366659,0.00053659,0.0909272
img_07103.jpg,0.982162,0.00257114,9.41371e-05,0.000251709,0.0124976,0.00111625,0.000102749,0.00120435
img_01213.jpg,0.812198,0.0500386,0.00329282,0.00805583,0.014345,0.0107567,0.00463945,0.0966732
img_06311.jpg,0.820247,0.010245,0.000555073,0.000503216,0.00102377,0.166013,0.000798814,0.000614016
img_05434.jpg,0.0361822,0.000164595,0.00658895,0.000433626,0.955876,0.000667503,5.81074e-05,2.96009e-05
img_00777.jpg,0.884858,0.00214095,0.00163113,0.000364932,0.00141517,0.107544,0.0019463,9.91543e-05
img_03475.jpg,0.0221766,0.000325294,0.00027418,0.00025946,0.976775,8.09754e-06,6.47048e-05,0.000117032
img_06893.jpg,0.173037,0.00203519,0.00527565,0.00542938,0.253426,0.0507112,0.011591,0.498495
img_03628.jpg,0.97884,0.00394966,0.000232681,0.000632397,0.00854116,0.00145689,0.00115533,0.00519243
img_05572.jpg,0.00846506,0.0216035,0.000459041,0.000229753,0.000575163,0.000252768,0.116173,0.852242
img_07354.jpg,0.972199,0.00369628,5.77313e-05,0.000523422,0.0119342,0.000289746,0.000526825,0.0107728
img_03082.jpg,0.76676,0.203722,9.05451e-05,0.0282363,0.00021023,0.000468702,0.00029831,0.000214228
img_07678.jpg,0.00349769,0.00116703,0.00161173,0.989864,0.000312156,0.000226447,0.000533727,0.00278712
img_00730.jpg,0.0669211,0.00112226,0.000158344,0.000498421,0.000298302,0.000215611,0.000790615,0.929995
img_05269.jpg,0.67046,0.00270341,0.00244909,0.000681466,0.214581,0.000256229,0.00299935,0.10587
img_02406.jpg,0.16671,0.0171608,0.00365398,0.644916,0.00124234,0.163809,0.00244334,6.5021e-05
img_06259.jpg,1.69973e-07,0.000120503,0.0013245,4.22257e-05,1.56381e-06,0.000514291,0.000161548,0.997835
img_00164.jpg,0.0419607,0.00214131,0.0094257,0.00565017,0.784105,0.00394603,0.000736235,0.152035
img_04766.jpg,0.642811,0.0264372,0.00272336,0.00509105,0.019241,0.00189321,0.0845557,0.217248
img_03928.jpg,0.0872151,0.579517,0.0655337,0.0315974,0.022929,0.0157504,0.076167,0.12129
img_05584.jpg,0.0453555,0.762798,0.0971028,0.0052861,0.0220325,0.000717522,0.0022034,0.0645046
img_00889.jpg,0.000907425,0.00550302,0.097292,0.00265765,0.000226342,0.0379234,0.00188261,0.853608
img_02565.jpg,0.39046,0.0475501,0.0180548,0.024083,0.122043,0.0850943,0.014352,0.298362
img_05731.jpg,0.0325269,0.000165837,5.14869e-06,0.000155459,0.966421,0.000229809,0.000338919,0.000156669
img_07580.jpg,6.5372e-05,0.447978,0.000353242,0.0306761,0.00228902,0.00403729,0.0154514,0.49915
img_00128.jpg,0.000944966,0.455026,0.194451,0.00181098,0.00479896,0.0051829,0.00190725,0.335877
img_02799.jpg,0.969572,0.00279282,0.000111648,0.000364873,0.023619,0.00139704,0.000144674,0.00199749
img_04482.jpg,0.947946,0.00698664,0.00255433,0.0116252,0.000430991,0.0289756,0.000983027,0.00049796
img_00383.jpg,0.987397,0.00162188,5.89113e-05,0.000237622,0.0085272,0.000915513,9.27736e-05,0.00114893
img_04240.jpg,0.176979,0.000940709,0.00223337,0.00145465,0.0588749,0.0230312,0.0230066,0.713479
img_06371.jpg,0.000985104,0.993905,0.000255713,0.000123549,2.65667e-05,0.000972468,0.0011512,0.00258
img_05953.jpg,0.0590105,0.100646,0.299016,0.00584597,0.142653,0.185326,0.0289961,0.178506
img_03563.jpg,0.639023,0.127667,0.000716637,0.198755,0.00248999,0.00151807,0.00264028,0.0271893
img_00902.jpg,4.76562e-09,3.97734e-05,1.65271e-06,3.81125e-06,1.01386e-06,7.19391e-06,0.999931,1.55057e-05
img_04461.jpg,0.756214,0.0124755,0.00767463,0.162847,0.0164428,0.00270553,0.00816916,0.0334715
img_06144.jpg,0.0232781,0.0212856,0.432982,0.00340605,0.0882565,0.00794194,0.0224993,0.40035
img_00518.jpg,0.818534,0.00207655,0.0137567,0.0102239,0.0438472,0.00818281,0.0618311,0.0415481
img_01681.jpg,0.109944,0.000869994,0.000334874,0.000697642,0.000632286,0.00109163,0.00022586,0.886203
img_03342.jpg,0.598104,0.111448,0.00395809,0.0020051,0.0059297,0.205497,1.24116e-05,0.0730454
img_05979.jpg,0.250641,0.00121337,0.00252842,0.000997248,0.739554,0.00277044,0.00104155,0.0012547
img_00780.jpg,0.00617789,0.293209,0.0588423,0.000688002,0.000756372,0.428399,0.00800891,0.203919
img_02920.jpg,0.694122,0.0315147,0.0123247,0.00316649,7.19868e-05,0.241651,0.00407128,0.013078
img_07434.jpg,0.0067121,0.000315044,0.000318356,6.84145e-05,0.992255,0.000128816,0.000139431,6.25962e-05
img_05563.jpg,0.781788,0.0112906,0.00117811,0.000978161,0.000253036,0.163395,0.00852136,0.0325959
img_04127.jpg,0.0460864,0.000677383,0.000371481,0.00358973,0.00111587,0.585462,0.00961077,0.353087
img_01802.jpg,0.65146,0.0383487,0.00309982,0.00332107,0.168289,0.111936,0.00356202,0.019983
img_03043.jpg,0.00177099,0.00778073,0.437581,0.00197425,0.0013728,0.34059,0.02326,0.18567
img_05074.jpg,0.114833,0.00144934,0.001253,0.000650624,0.877506,0.00300464,0.000636097,0.0006673
img_03992.jpg,0.0080422,0.261998,0.0220941,0.00278098,0.574667,0.00125283,0.0109137,0.118251
img_03261.jpg,0.252104,0.376386,0.169399,0.101235,0.0160688,0.0180034,0.00201578,0.0647872
img_06189.jpg,0.744767,0.0527623,0.00774285,0.00594148,0.0604939,0.0785905,0.0235794,0.0261227
img_04726.jpg,1.02942e-05,0.0014514,0.000972813,0.000406027,0.982278,0.000360822,0.000400324,0.0141203
img_02291.jpg,0.680745,0.294394,0.0116212,0.000234394,0.00635726,0.00346248,0.00156344,0.00162157
img_04118.jpg,0.708121,0.0750581,0.00104561,0.00202746,0.00182692,0.204332,0.00163686,0.0059523
img_06510.jpg,0.943194,0.00165289,0.000708092,0.000170497,0.0495451,0.000686738,0.000608674,0.00343442
img_03490.jpg,0.169923,0.179976,0.00580794,0.00408847,0.0509758,0.0151958,0.00580625,0.568227
img_03801.jpg,0.851946,0.00946177,0.000905865,0.00273582,0.00331483,0.000960262,0.00157069,0.129104
img_05792.jpg,0.970176,0.000363795,0.00017713,0.00091222,0.00345981,0.00701544,0.00019625,0.0176994
img_04261.jpg,0.730401,0.218501,0.000110848,0.049207,0.000469248,0.000210532,0.000468666,0.000631416
img_00765.jpg,0.0173259,0.00962278,2.71723e-05,0.00121575,6.06456e-05,0.970284,0.000211158,0.00125294
img_04386.jpg,0.287316,0.0107475,0.0136671,0.00829882,0.0618966,0.293696,0.00330188,0.321076
img_04705.jpg,5.91952e-05,0.0373514,0.64798,0.000932814,0.0420887,0.000244772,0.000432279,0.270911
img_06401.jpg,0.00923893,0.000668484,0.00176069,0.00209364,0.981886,0.000361656,0.000790617,0.00319996
img_03439.jpg,0.761167,0.0258763,0.00608831,0.0927136,0.0412975,0.0574901,0.00505202,0.0103155
img_05603.jpg,0.724152,0.0951055,0.0285013,0.0059011,0.0999714,0.0253004,0.00463419,0.0164347
img_04478.jpg,0.995667,0.000621287,0.0031114,0.000277576,0.000118185,0.000162816,3.44098e-05,7.75315e-06
img_00833.jpg,0.138895,0.00257005,0.0017032,0.00624507,0.00956291,0.108972,0.0720815,0.65997
img_00718.jpg,0.652221,0.00423583,0.001115,0.00228747,0.00336688,0.329294,0.00338267,0.00409661
img_06059.jpg,0.000834211,0.000193077,6.12152e-05,0.000102427,0.998718,9.14511e-06,8.14403e-05,5.07438e-07
img_05139.jpg,2.61714e-05,0.000662436,0.0280219,0.00363353,9.06575e-05,0.0101493,0.0019679,0.955448
img_04585.jpg,3.24851e-05,0.000450017,0.000675856,0.00025452,0.998448,2.68282e-05,4.20666e-05,7.02377e-05
img_02977.jpg,0.105532,0.192368,0.00278554,0.0012439,0.692473,0.000650982,0.00205841,0.00288833
img_01963.jpg,0.992351,0.00246067,2.98531e-05,0.000515492,0.00202865,0.00151108,0.000227807,0.000875128
img_05653.jpg,0.0351654,0.747772,0.00781092,0.00209009,0.00115231,0.00593952,0.106067,0.0940034
img_07147.jpg,8.72321e-08,6.77494e-05,1.12835e-05,3.93219e-05,0.99986,1.66452e-05,2.86218e-06,2.43584e-06
img_02808.jpg,0.816597,0.124335,0.00392931,0.00622846,0.0107213,0.036608,0.000551607,0.00102901
img_02956.jpg,0.555292,0.00675767,0.000855403,0.00231641,0.00269988,0.0105903,0.00612098,0.415367
img_00582.jpg,0.684927,0.163577,0.0178681,0.0117794,0.010171,0.0923138,0.00285391,0.01651
img_03711.jpg,0.722637,0.00914655,0.0478915,0.0112314,0.150873,0.00885731,0.00323523,0.0461285
img_02636.jpg,0.467253,0.029838,0.00246735,0.000857531,0.446419,0.00051377,0.0455424,0.00710849
img_04830.jpg,0.854101,0.000425688,0.00291752,0.00483952,0.130996,0.00210399,0.00209823,0.00251814
img_05516.jpg,0.860501,0.0567885,0.00137945,0.00140033,0.00134329,0.0119292,0.00774173,0.0589168
img_04723.jpg,0.000546001,0.00354004,0.500553,0.00201547,0.00420177,0.00319866,0.00103344,0.484912
img_05828.jpg,0.981863,0.000795006,7.53802e-05,0.0013351,0.0138251,0.00179343,0.000281949,3.06882e-05
img_03078.jpg,0.432398,0.397581,0.0581095,0.0932362,0.000995612,0.0153825,0.0021336,0.00016317
img_02638.jpg,0.377072,0.11757,0.00269406,0.00227347,0.000831928,0.00647818,0.0159143,0.477166
img_01657.jpg,6.29126e-08,5.37132e-05,0.995859,0.000102516,8.98064e-05,0.000345673,0.000105601,0.0034433
img_07469.jpg,0.00105577,0.00330852,0.0472424,0.000975699,0.000238544,0.0124701,0.00181709,0.932892
img_04013.jpg,6.84898e-05,0.567157,0.000284929,0.0218404,0.00104271,0.00195949,0.00640436,0.401243
img_04369.jpg,0.636568,0.0144125,0.00213507,0.00316232,0.00433045,0.333954,0.00359783,0.00184044
img_07505.jpg,0.990536,0.000528601,0.000293043,0.000106204,0.00367328,0.00116571,0.000148509,0.00354881
img_07330.jpg,0.830885,0.029754,0.00544816,0.00118639,0.0062768,0.0098757,0.0139408,0.102633
img_00170.jpg,0.729873,0.0112553,0.00429653,0.108592,0.0138458,0.119362,0.00387196,0.00890392
img_04546.jpg,0.00884614,0.276302,0.062862,0.000349825,0.000476572,0.0576677,0.00131355,0.592182
img_07044.jpg,0.136616,0.00229788,0.0254019,0.00617039,0.00442203,0.000103259,0.00163423,0.823354
img_06860.jpg,0.0149114,0.00505177,0.000571844,0.000493948,0.976704,0.0016799,9.55429e-05,0.000491377
img_07818.jpg,0.968534,0.00335101,0.000138131,0.000375841,0.0247987,0.00137761,0.000129294,0.00129491
img_03454.jpg,0.835922,0.00160168,0.0171161,0.00806805,0.123416,0.00680316,0.00624053,0.000832286
img_03726.jpg,0.000100824,0.496487,0.00051872,0.0384692,0.00584631,0.00375889,0.00662348,0.448196
img_00212.jpg,0.000266867,0.000121656,6.93799e-06,0.00107471,3.98097e-06,0.000455538,0.000185513,0.997885
img_06663.jpg,0.0033926,0.00595506,0.0163982,0.947674,0.00203762,0.0115449,0.000696285,0.0123014
img_05276.jpg,5.51712e-06,0.000566873,0.000488896,0.000374461,0.993169,0.000327118,7.79152e-05,0.00498975
img_07594.jpg,0.049019,0.0140697,0.000713267,0.000264314,0.00109433,0.000165976,0.00354465,0.931129
img_01142.jpg,0.940747,0.000616142,0.00350416,0.00233509,0.0301135,0.00229406,0.00548696,0.0149028
img_01035.jpg,0.935423,0.00105242,0.00109899,0.000320036,0.00194214,0.0585762,0.00153305,5.38725e-05
img_04554.jpg,0.930067,0.00161053,0.00285642,0.00175306,0.042415,0.00150166,0.0152778,0.00451888
img_00543.jpg,0.99057,0.00306086,9.63115e-05,0.000130147,0.00350641,0.00119399,7.34781e-05,0.00136857
img_02769.jpg,0.0313132,0.118366,0.516788,0.000962435,0.000661617,0.0236679,0.00183518,0.306406
img_03210.jpg,3.10528e-05,0.00173502,0.00113077,0.000472107,4.24811e-05,0.000760938,0.000406564,0.995421
img_02679.jpg,0.0401273,0.144341,0.160311,0.00843172,0.2836,0.000248114,0.0127918,0.350149
img_03199.jpg,0.75918,0.0122997,0.00127741,0.00224203,0.00702753,0.00218165,0.0215176,0.194274
img_07110.jpg,0.932333,0.00296236,0.000724906,0.000635067,0.00335405,0.0529166,0.00322828,0.00384587
img_05718.jpg,0.000152639,0.381353,0.000652876,0.0529704,0.00611063,0.0125153,0.00746628,0.538779
img_07623.jpg,0.866366,0.0229486,0.0044258,0.00234266,0.0855333,0.000409942,0.00234507,0.0156283
img_02889.jpg,0.73716,0.0245156,0.0170486,0.079272,0.0975604,0.00721064,0.00390933,0.0333232
img_04860.jpg,0.974291,0.00168742,0.000284413,0.00416689,0.0148221,0.00225725,0.00101779,0.00147316
img_04856.jpg,0.838077,0.00873067,0.0137076,0.0161764,0.0662782,0.0141165,0.00391566,0.0389984
img_02865.jpg,0.00489836,0.948138,0.000979296,0.00101673,0.00776478,0.000134316,0.000105854,0.0369626
img_04990.jpg,0.000963203,0.00503279,0.000375615,0.000352012,0.00047736,4.40214e-05,0.0264918,0.966263
img_07137.jpg,0.815427,0.0679179,0.016238,0.00514514,0.0420287,0.00232427,0.0155629,0.0353558
img_00289.jpg,0.428437,0.000708478,0.000239553,0.00106685,0.567842,0.000631656,0.000598432,0.000476875
img_00575.jpg,0.496955,0.00217852,0.00129678,0.0022399,0.0137837,0.0604028,0.0843005,0.338842
img_04408.jpg,0.66709,0.144659,0.00102128,0.160605,0.00198103,0.00202153,0.00621837,0.0164036
img_05433.jpg,0.458263,0.00205437,0.00152002,0.0132832,0.0122311,0.48065,0.000766229,0.0312325
img_03260.jpg,0.932549,0.0035584,0.00113779,0.0018711,0.0391702,0.0148788,0.00150322,0.00533186
img_05292.jpg,0.515739,0.0182103,0.00158742,0.00133344,0.00650228,0.360105,1.92472e-05,0.0965035
img_04661.jpg,0.804659,0.0535408,0.00399355,0.00426789,0.00474713,0.125591,0.0022859,0.000915529
img_02726.jpg,0.104095,0.0393144,0.121883,0.0187634,0.578973,0.136029,0.000532397,0.000410417
img_04752.jpg,0.231625,0.0187699,0.0171869,0.520044,0.00182954,0.205207,0.00514807,0.00018965
img_07689.jpg,0.00449409,0.00510472,0.0308082,0.93781,0.00487053,0.00799974,0.000413302,0.00849957
img_07065.jpg,8.31272e-05,0.548632,0.000395575,0.021969,0.00126206,0.00422513,0.00423537,0.419197
img_05236.jpg,0.341931,0.296295,0.00517517,0.0081299,0.00191775,0.149427,0.000392944,0.196731
img_00018.jpg,0.789031,0.00149641,0.00109309,0.00220323,0.000614803,0.150103,0.00376845,0.0516901
img_00005.jpg,0.00138778,4.68813e-05,0.000861147,0.000128857,0.996926,2.82893e-05,0.000599998,2.1357e-05
img_05038.jpg,0.630198,0.0108494,0.00178618,0.000959288,0.00468493,0.00316956,0.00857402,0.339779
img_02646.jpg,9.02667e-05,0.00261459,0.000375737,0.000477205,0.000334784,0.0368855,0.00136956,0.957852
img_05341.jpg,0.895499,0.00853978,0.00094228,0.00101321,0.0871093,0.00240482,0.00043362,0.00405806
img_06549.jpg,0.967682,0.00386709,0.000240278,0.000509047,0.00123237,0.023261,0.00230765,0.000900484
img_06684.jpg,0.990595,0.00133693,8.46125e-05,0.000123213,4.14832e-05,0.00686107,0.000652891,0.000305382
img_05410.jpg,7.53731e-06,0.00266557,0.00747181,0.000154458,4.27e-05,0.00299076,0.00039768,0.98627
img_03892.jpg,0.00884583,0.00382348,0.00643328,0.00345859,0.00480223,0.405038,0.128571,0.439027
img_00538.jpg,0.858908,0.00153569,0.00618121,0.0223505,0.00240776,0.0112897,0.0167311,0.0805961
img_00664.jpg,0.994606,0.00159099,0.00117109,4.3019e-05,0.00210251,0.000381341,6.0913e-05,4.41093e-05
img_05459.jpg,0.174332,0.327595,0.0374951,0.0218636,0.0166606,0.0384852,0.00529156,0.378277
img_04921.jpg,0.188573,0.00255057,0.0145713,0.00505893,0.093234,0.64822,0.0370708,0.0107218
img_05673.jpg,0.686016,0.112801,0.0422727,0.00432589,0.0516632,0.0947975,0.00326034,0.00486332
img_04004.jpg,0.84293,0.0175865,0.0022211,0.00171157,0.0106643,0.106126,0.00206642,0.0166937
img_05439.jpg,0.969015,0.00149601,0.000167759,0.00275802,0.022275,0.00160698,0.00104698,0.0016339
img_05682.jpg,0.00787562,0.00425185,0.00274449,0.00535154,0.00909927,0.0631978,0.0711861,0.836293
img_01995.jpg,0.000706072,0.324486,0.00150534,0.0575361,0.00472418,0.0808461,0.00430528,0.525891
img_01669.jpg,0.0872169,0.0080402,0.047986,0.826066,0.00247763,0.0270109,0.000942524,0.000259818
img_05568.jpg,0.78818,0.130355,0.000626434,0.00986447,0.0402438,0.00149858,0.00139457,0.027837
img_06909.jpg,0.932057,0.0582028,0.00586729,0.00161258,0.000897747,0.000948158,0.000275082,0.000138817
img_00442.jpg,2.24869e-07,9.66239e-05,8.76572e-05,1.85924e-05,1.13089e-07,5.84562e-05,3.36034e-05,0.999705
img_06099.jpg,0.587062,0.0600838,0.014381,0.00187143,0.31239,0.00333245,0.00598074,0.0148991
img_03238.jpg,0.77944,0.00288451,0.000758188,0.00388788,0.0112432,0.0696059,0.00132786,0.130852
img_06324.jpg,0.515567,0.109363,0.00450814,0.0970806,0.00154665,0.174038,0.00505261,0.0928434
img_02372.jpg,0.000666349,0.000108286,0.000166601,0.000328731,0.99793,0.000298577,0.000383447,0.000117973
img_01724.jpg,0.941908,0.0012631,0.00106027,0.000564984,0.00424157,0.04758,0.00179485,0.00158727
img_00724.jpg,0.0857008,0.0127326,0.00256052,0.0439487,0.00662317,0.0157325,0.498227,0.334475
img_00837.jpg,0.78779,0.0375597,0.00683811,0.0074464,0.0835165,0.0561229,0.017831,0.00289598
img_02347.jpg,0.27544,0.00592357,0.0134626,0.00213565,0.648847,0.00491161,0.00661684,0.042663
img_04586.jpg,0.982379,0.0108716,0.00223485,0.00137462,0.000703252,0.00197917,0.000313642,0.000143946
img_00141.jpg,6.32128e-06,0.0003729,0.000355794,8.50052e-05,1.44618e-05,4.55304e-05,0.000111045,0.999009
img_03584.jpg,0.000128239,0.0459921,0.0248511,0.00333014,0.144411,8.59112e-05,0.000566922,0.780634
img_01745.jpg,0.948426,0.000156052,0.0293632,0.00792578,0.00240207,0.00298836,0.000527802,0.00821068
img_05525.jpg,0.634495,0.0259034,0.018649,0.00267678,0.195978,0.0979982,0.0232264,0.00107257
img_00591.jpg,0.092687,0.00225029,0.000541745,0.000880885,0.00128932,0.134732,0.000666783,0.766952
img_01373.jpg,0.139317,0.000562098,0.000478594,0.000251861,0.84457,0.0140741,0.000642068,0.000104261
img_03457.jpg,0.944347,0.017198,0.000669274,0.000668215,0.00411819,0.0280684,0.000713781,0.00421702
img_04268.jpg,0.953506,0.000455321,0.000245541,0.000401393,0.0067032,0.0217406,0.000108275,0.0168399
img_06698.jpg,0.56353,0.00162277,0.00119141,0.00978295,0.0177239,0.343177,0.000418013,0.0625539
img_06946.jpg,0.893614,0.00914182,0.000521141,0.000403416,0.00354879,0.00586509,0.000137363,0.0867686
img_06440.jpg,0.164016,0.00548651,0.00574074,0.00468798,0.0601972,0.736183,0.016533,0.00715578
img_02416.jpg,0.343683,0.183179,0.0186491,0.00763635,0.102936,0.0201344,0.00982837,0.313953
img_03440.jpg,4.34346e-05,0.0381615,0.0645981,0.000760082,0.0018159,0.000155156,0.000284475,0.894181
img_05488.jpg,0.878764,0.00779045,0.00866608,0.0126866,0.0055021,0.078927,0.00737332,0.000290123
img_00533.jpg,0.467079,0.212391,0.0100622,0.0102304,0.00405097,0.0141717,0.00964562,0.272368
img_00618.jpg,0.672212,0.00335032,0.000904977,0.00217925,0.309341,0.00596172,0.00334626,0.0027041
img_06037.jpg,0.4532,0.00992935,0.0229674,0.00874257,0.0347691,0.0862795,0.36487,0.0192425
img_04037.jpg,0.631668,0.0231484,0.0506292,0.00648599,0.169655,0.0312621,0.0172817,0.069869
img_04101.jpg,0.942882,0.00805758,0.00352175,0.000370632,0.0010613,0.0407916,0.00304533,0.000270194
img_03297.jpg,0.96588,0.00668318,0.0035532,0.00888987,0.00828434,0.00269204,0.000755597,0.00326165
img_05612.jpg,0.850481,0.104266,0.00404971,0.00321915,0.0193521,0.0178701,0.000315053,0.000446249
img_05489.jpg,0.507088,0.411347,0.0223525,0.00459898,0.00128872,0.0513761,0.00184751,0.000101171
img_01853.jpg,0.00247511,0.000450923,9.3414e-05,0.000554688,0.00011567,0.000709083,0.000152409,0.995449
img_01505.jpg,0.00660512,0.871869,0.00249173,0.000971598,0.0248628,3.54357e-05,0.000202693,0.0929613
img_05558.jpg,0.722555,0.0126641,0.000569622,0.000207784,0.000948586,0.00109248,0.000209876,0.261752
img_00417.jpg,0.000125399,9.34961e-05,2.47688e-05,0.00842224,1.22643e-05,0.00182577,0.0029437,0.986552
img_04520.jpg,0.393853,0.127968,0.059691,0.00792598,0.0686707,0.0150174,0.214701,0.112172
img_01984.jpg,0.0298165,0.0795831,0.00491762,0.00194943,0.000208436,0.000657282,0.00134802,0.88152
img_05948.jpg,0.193313,0.000646157,0.000117596,0.000679103,0.00169775,0.723728,0.0777481,0.00207052
img_01874.jpg,0.364271,0.000268699,0.000362319,0.000763329,0.0327633,0.586692,0.00392495,0.010955
img_07187.jpg,0.989625,0.000497904,0.000164057,0.000142792,0.00916152,5.89316e-05,9.24265e-05,0.000257074
img_03674.jpg,0.000165654,1.77209e-05,1.60232e-05,2.40423e-05,0.999578,3.42662e-06,0.000192711,2.16573e-06
img_02899.jpg,0.927944,0.0138083,0.00250696,0.0373778,0.00278981,0.0126303,0.00285104,9.1941e-05
img_06756.jpg,0.972231,0.0017331,0.000372739,0.00200114,0.0196753,0.00186075,0.00162564,0.000500108
img_04375.jpg,0.0014907,9.23735e-05,0.000666954,0.000293253,0.99703,6.15767e-05,0.000157592,0.000207663
img_02666.jpg,0.994,0.0009279,0.000127638,3.66468e-05,0.00349466,0.000167454,0.000525641,0.000719715
img_01856.jpg,0.972389,0.00358626,0.00015918,0.000520197,0.00920178,0.00636503,0.000701474,0.00707732
img_03809.jpg,0.9168,0.00564202,0.000927217,0.00413882,0.00529062,0.00693185,0.0357444,0.0245251
img_02709.jpg,0.726935,0.0158618,0.0119142,0.0870558,0.0271346,0.00236008,0.00237546,0.126363
img_05026.jpg,0.642931,0.0204142,0.000665157,0.000577018,0.000769717,0.0229207,0.000159365,0.311563
img_05445.jpg,0.972166,0.00250195,0.000327647,0.00173515,0.0183223,0.00379121,0.000751861,0.000403708
img_06962.jpg,0.0343981,0.0431542,0.0265195,0.00856874,0.000558918,0.204248,0.552492,0.13006
img_05794.jpg,0.992651,0.000732395,0.000271709,0.000128151,0.000464377,0.0050029,0.000476683,0.000273241
img_07436.jpg,0.00530583,0.00597339,0.00609314,0.00358027,0.00102298,0.330014,0.497258,0.150752
img_03310.jpg,0.821772,0.0166958,0.00672564,0.0104672,0.00946413,0.133425,0.00113245,0.00031798
img_06849.jpg,0.0617341,0.223952,0.00112398,0.00429874,0.0106519,0.000487277,0.0149217,0.68283
img_04719.jpg,0.344107,0.000869644,0.00069331,0.00317789,0.541599,0.0896874,0.0042586,0.0156078
img_03715.jpg,0.0373625,0.00980155,0.0257772,0.887083,0.0198965,0.00629162,0.0054225,0.0083649
img_05137.jpg,0.639788,0.0151828,0.0010871,0.020216,0.00928077,0.128292,0.00169325,0.184461
img_07304.jpg,0.772404,0.0264724,0.0203993,0.00666873,0.131791,0.0347446,0.00629484,0.00122561
img_05095.jpg,0.816239,0.170186,0.00428682,0.00197045,0.000406635,0.00238781,0.000361348,0.00416222
img_01043.jpg,0.00204668,3.92959e-05,0.000274212,9.17726e-05,0.9973,9.70518e-05,0.000143551,7.70261e-06
img_07583.jpg,0.584707,0.0189892,0.00310066,0.020502,0.117231,0.0299392,0.132826,0.092706
img_06832.jpg,0.732212,0.0323479,0.0706816,0.0525757,0.00284942,0.0903994,0.00466376,0.0142701
img_03527.jpg,2.20201e-07,0.000594759,0.0706451,0.00025398,9.12267e-06,0.000472147,8.13244e-05,0.927943
img_04879.jpg,0.00304021,0.0182086,0.000706388,0.0178528,0.0163715,0.942221,0.000769923,0.000829988
img_06690.jpg,0.000110929,0.000566018,0.0311601,0.00422439,0.000293272,0.0103215,0.00116036,0.952163
img_03254.jpg,0.119639,0.00495589,0.00200609,0.0027718,0.0828607,0.768454,0.0155783,0.00373477
img_07906.jpg,0.00204914,0.028236,0.578092,0.00090873,0.00134286,0.029906,0.00408056,0.355385
img_04712.jpg,0.0527851,0.0113078,0.0964488,0.0103824,0.340478,0.0793789,0.00406295,0.405156
img_00380.jpg,0.899582,0.0394471,0.0264088,0.0080209,0.0199256,0.00185898,0.0016399,0.0031172
img_03074.jpg,0.989999,0.00164935,0.000474234,0.00110563,0.00025921,0.00205034,0.00422192,0.00024029
img_01198.jpg,0.302925,0.00502808,0.0104043,0.00188532,0.641138,0.0076176,0.00642022,0.0245813
img_01237.jpg,0.00313625,0.000285535,0.000622643,0.000903944,0.992303,0.000192333,0.00175437,0.000801698
img_05251.jpg,0.136577,0.0730687,0.0140883,0.0076215,0.0315386,0.0163862,0.247883,0.472836
