image,ALB,BET,DOL,LAG,NoF,OTHER,SHARK,YFT
img_01444.jpg,0.49261,0.470282,0.00280402,0.000554828,0.00451752,0.0270848,0.000587317,0.00155944
img_03140.jpg,0.007,0.007,0.007,0.007,0.007,0.007,0.007,0.007
img_03290.jpg,0.134582,0.0287419,0.00825504,0.00346818,0.00823663,0.132442,0.00897389,0.6753
img_05064.jpg,0.620668,0.0358447,0.100046,0.0223913,0.101843,0.0327847,0.0166507,0.0697719
img_06642.jpg,0.0200893,0.25011,0.000910366,0.00234272,0.00140622,0.000193229,8.62905e-05,0.724862
img_07143.jpg,0.00146009,0.000260048,0.000171864,8.71413e-05,0.997129,1.55071e-05,0.000842502,3.34836e-05
img_02602.jpg,0.691662,0.175458,0.0096209,0.00637655,0.0509531,0.0158753,0.00947936,0.0405749
img_01538.jpg,0.729792,0.116805,0.00275384,0.00230609,0.000367632,0.13807,0.006323,0.00358322
img_02159.jpg,0.156097,0.00508586,0.00961148,0.0192663,0.808402,0.000795529,0.000652108,9.00728e-05
img_06807.jpg,0.0502065,0.00106219,0.000667949,0.00185255,0.9214,0.00374942,0.0206717,0.000390082
img_06845.jpg,0.27183,0.107568,0.0762157,0.0196354,0.0214257,0.0104742,0.236716,0.256135
img_02734.jpg,0.556115,0.274484,0.033057,0.00761316,0.0218179,0.0670349,0.00479056,0.0350877
img_02702.jpg,0.976776,0.000865063,0.000486689,0.000529241,0.00684541,0.00152218,0.00146906,0.011506
img_02231.jpg,0.320585,0.031767,0.0101392,0.0990831,0.342673,0.137314,0.0416797,0.0167584
img_07371.jpg,0.0118578,0.0224142,0.693568,0.00232482,0.00125061,0.0102919,0.00202833,0.256264
img_01562.jpg,0.0118489,0.0868368,0.00201621,0.00260321,0.00234319,0.000443718,0.120564,0.773344
img_07908.jpg,0.386522,0.0293265,0.0136922,0.160354,0.0402881,0.00534912,0.0193259,0.345143
img_05156.jpg,0.624231,0.00218765,0.000593317,0.00205423,0.0288217,0.335921,0.00502981,0.0011614
img_06555.jpg,0.419542,0.0387449,0.0863006,0.217996,0.0981291,0.0555398,0.0098695,0.0738776
img_04323.jpg,0.023712,0.00194492,0.000511428,0.00174426,0.940219,0.0034372,0.0280254,0.000405357
img_02838.jpg,0.675651,0.0490137,0.00686744,0.0312915,0.218121,0.00135608,0.000891978,0.0168071
img_06800.jpg,0.00554074,0.000341601,0.00856173,0.0264688,0.957027,0.00048115,0.000635922,0.000943256
img_06003.jpg,0.615664,0.0549091,0.00192417,0.00655244,0.0147391,0.0328356,0.0390317,0.234344
img_01966.jpg,0.933844,0.0570924,0.00272343,0.00187176,0.00138603,0.000678817,0.00142464,0.000978646
img_01426.jpg,0.259306,0.415939,0.000857951,0.00365324,0.000564434,0.0355634,0.0393248,0.244791
img_01688.jpg,0.576751,0.0568462,0.00518871,0.00359002,0.00927456,0.236063,0.0277783,0.084508
img_01031.jpg,0.742454,0.0152592,0.151791,0.00777292,0.00185731,0.0740648,0.0044569,0.002344
img_04237.jpg,0.000250255,0.996316,0.000174025,0.00142309,0.000193221,0.000360227,0.000402545,0.000880662
img_06947.jpg,0.000840633,0.00352469,0.00157875,0.00244209,0.958469,0.00116629,0.00214396,0.0298345
img_06186.jpg,0.870858,0.0257727,0.0230252,0.0133286,0.0429137,0.0102742,0.00546751,0.00836001
img_02398.jpg,0.681909,0.00281601,0.00102218,0.00852937,0.0664324,0.111403,0.00826559,0.119623
img_06294.jpg,0.977556,0.0120997,0.000200253,0.000481776,0.00564854,0.00391813,1.92099e-05,7.68159e-05
img_07910.jpg,0.980755,0.00854794,0.00415517,0.000139083,0.00461646,0.000756135,0.000273143,0.000757207
img_05284.jpg,0.324612,0.53963,0.00197952,0.0051543,0.00869431,0.0263921,0.0248542,0.0686836
img_05209.jpg,0.77207,0.0976674,0.0791282,0.0129996,0.0274144,0.00329752,0.0032616,0.00416167
img_00102.jpg,0.385918,0.450156,0.00818182,0.0102587,0.0189642,0.0611354,0.00214975,0.0632357
img_07616.jpg,0.607006,0.0704869,0.0771494,0.0297111,0.0542646,0.0242145,0.0164966,0.120671
img_06616.jpg,0.511634,0.049603,0.0158844,0.00728179,0.184319,0.0940968,0.0026543,0.134527
img_07192.jpg,0.624318,0.00384567,0.00965045,0.001485,0.327411,0.00309479,0.00357342,0.0266216
img_04888.jpg,0.975145,0.00320036,0.000447696,0.000507011,0.00800146,0.000427632,0.000342664,0.0119281
img_00375.jpg,0.270755,0.0675064,0.304667,0.141357,0.200574,0.0123794,0.00245646,0.00030436
img_03283.jpg,0.000849402,0.00670679,0.00791407,0.0361139,3.1771e-05,0.00157046,0.000591539,0.946222
img_01511.jpg,0.956553,0.00134954,0.00775569,0.00391269,0.00957082,0.0140093,0.00587952,0.000969809
img_01552.jpg,0.997586,0.00113327,0.000176762,3.97348e-05,0.000489623,0.000371095,9.35757e-05,0.000109626
img_03670.jpg,0.725153,0.00240962,0.0177706,0.0192476,0.201449,0.0137648,0.0102018,0.0100037
img_05950.jpg,0.895833,0.0635673,0.0218496,0.000483725,0.0059117,0.00498812,0.00338145,0.00398529
img_06475.jpg,0.646319,0.0785303,0.00655862,0.0149554,0.0237762,0.158916,0.0101394,0.0608051
img_03588.jpg,0.0940337,0.000749951,0.00189385,0.0120537,0.0617255,0.818186,0.0103782,0.000978671
img_03974.jpg,0.532571,0.00165355,0.00943775,0.000961516,0.440446,0.00339289,0.00119921,0.0103372
img_04640.jpg,0.812416,0.0117326,0.0039928,0.00887268,0.0538901,0.104088,0.000341637,0.00466623
img_00280.jpg,0.198577,0.00415734,0.00802447,0.0033434,0.779002,0.00141059,0.00199593,0.00348888
img_03548.jpg,0.283438,0.14489,0.0334188,0.0166213,0.0124972,0.0197264,0.106482,0.382926
img_07833.jpg,0.855479,0.0629934,0.0012016,0.00132627,0.00499282,0.0227756,0.0103473,0.040884
img_07543.jpg,0.0125233,0.00275551,9.82258e-05,0.000168889,0.98391,4.40314e-05,0.000208006,0.000291766
img_02890.jpg,0.456936,0.0253963,0.00905169,0.0144954,0.00980865,0.477558,0.00647572,0.000278364
img_00484.jpg,0.439335,0.0703088,0.0640465,0.0580431,0.0197641,0.0055185,0.233871,0.109114
img_01627.jpg,0.974662,0.00168053,0.000344244,0.000453795,5.94003e-05,0.0195189,0.000967027,0.00231392
img_07278.jpg,0.974362,0.00878636,0.000545057,0.000392339,0.00696491,0.00224867,0.000145545,0.00655535
img_03116.jpg,2.14365e-05,0.0708127,0.135786,0.00401508,0.515265,0.000213408,0.00399183,0.269895
img_02307.jpg,0.193411,0.37802,0.00655339,0.014518,0.124759,0.0133735,0.0184948,0.250871
img_05085.jpg,0.291942,0.00640185,0.0116518,0.0145138,0.631881,0.00172663,0.00534616,0.0365358
img_05393.jpg,0.348574,0.221866,0.00112444,0.00761204,0.000386457,0.0429141,0.0647765,0.312747
img_05654.jpg,0.773747,0.00238025,0.000779463,0.0482549,2.96916e-05,0.169384,0.0040028,0.00142242
img_07921.jpg,0.0228904,0.00744052,3.88769e-05,0.00309786,0.000398798,0.964785,0.00040867,0.000939906
img_05440.jpg,0.78744,0.0843532,0.0298446,0.0498747,0.0367656,0.00487648,0.0043715,0.00247393
img_04272.jpg,0.818822,0.0058993,0.00109102,0.000630111,0.0626832,0.003818,0.00240427,0.104652
img_07792.jpg,0.26607,0.653035,0.0141586,0.0073777,0.0162968,0.0225296,0.000154289,0.0203782
img_00921.jpg,0.639257,0.0249156,0.00699648,0.00875729,0.100647,0.0785393,0.00767693,0.13321
img_02651.jpg,0.986999,0.000429708,0.0030707,0.000130481,0.00800033,0.000158347,0.00015449,0.00105686
img_04263.jpg,0.884292,0.00213023,0.000663648,0.00164101,0.0981168,0.00904237,0.00175837,0.00235543
img_02546.jpg,0.169101,0.143259,0.00849894,0.011409,0.15795,0.00643577,0.042095,0.461252
img_03239.jpg,5.00603e-07,0.000158735,9.58766e-06,1.88585e-05,2.84931e-05,2.28476e-05,0.999709,5.16777e-05
img_07045.jpg,0.530213,0.00450946,0.00185351,0.00101312,0.205358,0.000536253,0.00720284,0.249313
img_00587.jpg,0.709024,0.232237,0.00415181,0.00253736,0.00879977,0.0118498,1.9323e-05,0.0313815
img_01983.jpg,0.291166,0.0177566,0.0658644,0.0225842,0.366409,0.230286,0.00224172,0.00369127
img_05743.jpg,0.545092,0.0661493,0.0291438,0.0085682,0.0128336,0.324739,0.0132084,0.000266329
img_02066.jpg,0.322723,0.0278409,0.0326649,0.0399372,0.25286,0.178001,0.0305461,0.115426
img_02252.jpg,0.766735,0.000551007,0.000206894,0.00052896,0.220349,3.61282e-05,0.000608289,0.0109849
img_06426.jpg,0.633778,0.012033,0.000804361,0.00106426,0.0096808,0.00144092,0.00444823,0.33675
img_05548.jpg,0.963847,0.000478063,0.000985455,0.016618,4.43252e-05,0.0159879,0.00173006,0.000309808
img_07213.jpg,0.201723,0.233185,0.206407,0.0205089,0.0728086,0.227955,0.025352,0.0120604
img_02281.jpg,0.000474198,0.0190242,0.0224556,0.936865,0.00202446,0.00172059,0.00059864,0.0168372
img_03069.jpg,0.0271105,0.277587,0.00490049,0.200219,0.00142732,0.0420148,0.00386127,0.44288
img_06203.jpg,0.433482,0.0923105,0.010707,0.00313584,0.117345,0.0178781,0.103619,0.221522
img_04642.jpg,0.488882,0.0105577,0.000853236,0.00291556,0.484633,0.0028109,0.00120323,0.00814456
img_05835.jpg,0.572902,0.090431,0.0255698,0.0550949,0.234822,0.00350167,0.00126919,0.0164093
img_06658.jpg,0.0841575,0.0111825,0.00134586,0.00666219,0.000620706,0.34309,0.0308733,0.522068
img_03602.jpg,0.243057,0.00594924,0.00476142,0.00735639,0.0858273,0.635697,0.0109535,0.00639855
img_06902.jpg,0.248223,0.00260106,0.0070854,0.00966043,0.712513,0.00060329,0.00250655,0.0168068
img_07068.jpg,0.189413,0.590734,0.0131793,0.00391451,0.00921228,0.0524603,0.0587042,0.0823825
img_05293.jpg,0.00791093,0.44381,0.00300805,0.297945,0.00196068,0.0369825,0.0224453,0.185937
img_03471.jpg,0.00128472,0.000189156,0.00306987,0.960344,0.000174185,0.00031562,0.00195544,0.0326669
img_01102.jpg,0.0642988,0.234931,0.194626,0.074105,0.0732899,0.000904298,0.0184062,0.339439
img_00483.jpg,0.938409,0.0102487,0.000924034,0.0013077,0.0149055,0.000880326,0.00402505,0.0293002
img_04044.jpg,0.815143,0.00213587,0.0123176,0.013049,0.144756,0.00108406,0.00498514,0.00652959
img_01388.jpg,0.615372,0.102921,0.000993144,0.00253883,0.00838415,0.243884,0.00263348,0.0232733
img_07094.jpg,0.947599,0.00512456,0.00100858,0.000864302,0.00548507,0.000246694,0.00175839,0.037913
img_02074.jpg,0.824169,0.030312,0.00367783,0.104791,0.0134108,0.02122,0.000774888,0.00164474
img_03312.jpg,0.94098,0.0133982,0.000626895,0.000708428,5.22295e-05,0.0288713,0.00456047,0.0108026
img_05640.jpg,0.740378,0.0787855,0.0150443,0.00677701,0.10785,0.00676062,0.00843611,0.0359684
img_01204.jpg,0.0007211,0.923326,0.00116102,0.000409184,0.031832,0.000231695,0.00167916,0.0406402
img_05915.jpg,0.000885147,0.00270953,0.632693,0.00105788,0.000305145,0.0247456,0.00298954,0.334614
img_02556.jpg,0.606394,0.159385,0.00269634,0.00292985,0.00225764,0.00126297,0.000624731,0.22445
img_04410.jpg,0.472347,0.143322,0.0779292,0.0741567,0.0360289,0.151164,0.00476426,0.0402872
img_01059.jpg,0.634986,0.0264782,0.00101592,0.00169339,0.00170063,0.228472,0.0145206,0.091134
img_07060.jpg,0.426847,0.134785,0.0641859,0.0339973,0.00110991,0.25256,0.00329862,0.0832163
img_05211.jpg,0.310627,0.219181,0.00917016,0.0249965,0.14646,0.00686366,0.0117995,0.270902
img_02974.jpg,0.829339,0.0124721,0.000762892,0.0071366,0.0804079,0.000561553,0.00113818,0.0681816
img_03866.jpg,0.732393,0.0201417,0.00081091,0.0058516,0.0254554,0.0940503,0.00482564,0.116472
img_00948.jpg,0.162738,0.00986135,0.00829095,0.0218401,0.736232,0.00161655,0.00575454,0.0536666
img_02299.jpg,0.195771,0.186736,0.0399464,0.0692628,0.000308432,0.202766,0.00997098,0.295238
img_06611.jpg,0.000500491,0.128498,0.2034,0.00434674,0.0304013,0.00288783,0.00176264,0.628203
img_01976.jpg,0.897292,0.00219944,0.000139972,0.000602243,0.000994528,0.00262377,0.000978746,0.0951691
img_02522.jpg,0.872996,0.0154838,0.0063907,0.0345181,0.0352051,0.0113145,0.00859853,0.0154929
img_07146.jpg,0.122724,0.000827657,0.00105113,0.00281832,0.826225,0.00675517,0.0327524,0.00684644
img_02194.jpg,0.846844,0.00432788,0.000188748,0.000475306,0.120003,0.0260786,0.00135044,0.000731942
img_01955.jpg,0.000486706,0.000231373,0.00170835,0.000222697,0.00123586,0.000178468,0.00114058,0.994796
img_00120.jpg,0.00654046,0.0599655,0.00182191,0.00246438,0.001881,0.000815418,0.148781,0.777731
img_04156.jpg,0.440035,0.0104355,0.355689,0.0107204,0.0131585,0.136606,0.0130124,0.0203433
img_00053.jpg,0.69965,0.00569441,0.0558817,0.0279838,0.060049,0.00203118,0.015146,0.133564
img_01366.jpg,0.401893,0.0552364,0.035047,0.01217,0.00944095,0.476198,0.00981396,0.000201195
img_02857.jpg,0.128671,0.0967144,0.00507624,0.00213599,0.744717,0.00438603,0.00762074,0.0106795
img_06147.jpg,0.265555,0.164368,0.0196888,0.0331201,0.0167182,0.00764255,0.309816,0.183091
img_01646.jpg,0.90684,0.0106272,0.00430181,0.0527025,0.00261854,0.00556855,0.0157366,0.00160463
img_00493.jpg,0.17289,0.0581146,0.0266769,0.0330514,0.600351,0.101939,0.00196108,0.00501541
img_04306.jpg,0.966406,0.0029531,0.000830744,0.000738652,0.000290801,0.00020019,0.000519319,0.0280608
img_03333.jpg,0.686457,0.00327289,0.000409812,0.00114979,0.00776986,0.292997,0.00456906,0.00337448
img_01413.jpg,0.882545,0.00112463,0.00252598,0.00588691,0.100793,0.000828588,0.00077477,0.00552139
img_00894.jpg,0.218515,0.00915517,0.0355363,0.00137249,0.680587,0.0019281,0.00192221,0.050984
img_00667.jpg,0.000943328,0.923891,0.000698484,0.000391717,0.0225489,0.000328826,0.00147938,0.0497181
img_05046.jpg,0.191506,0.254568,0.00454803,0.00993341,0.200325,0.0121477,0.0233367,0.303635
img_04425.jpg,0.775124,0.128784,0.00170704,0.00354675,0.0106512,0.00640335,0.00268408,0.0710996
img_02789.jpg,0.0138752,0.000181035,0.00321727,0.00109354,0.918029,0.00209736,0.0614219,8.4712e-05
img_05508.jpg,0.71637,0.00702171,0.00907294,0.00522701,0.00726107,0.00118905,0.00348922,0.250369
img_04257.jpg,0.312826,0.0170729,0.00148903,0.00259932,0.651571,0.00168884,0.00131203,0.0114409
img_07467.jpg,0.93341,0.0110047,0.000309933,0.000991129,0.0459703,0.00261544,0.000351782,0.00534688
img_03847.jpg,0.0253421,0.471234,0.0020718,0.116228,0.00651082,0.352359,0.00363226,0.0226224
img_00914.jpg,0.00281738,0.0631762,0.0237477,0.00294491,0.0194193,0.0299518,0.00946978,0.848473
img_04415.jpg,0.623248,0.0107794,0.00228837,0.00626406,0.0427785,0.0813117,0.0489986,0.184332
img_01537.jpg,0.944684,0.00228734,0.00269867,0.0021935,0.00761562,0.0337721,0.00423671,0.00251202
img_07156.jpg,0.613918,0.00189615,0.0013063,0.000857849,0.0022107,0.371423,0.00767498,0.00071347
img_05021.jpg,0.014328,0.000249397,1.5683e-05,0.000132892,0.983336,8.32571e-05,0.00166792,0.000187062
img_00855.jpg,0.856385,0.002649,0.0315143,0.0312547,0.00658281,0.00991168,0.00491602,0.0567863
img_03370.jpg,0.985335,0.00122762,6.77374e-05,0.000237072,0.0015298,0.00136691,3.09978e-05,0.0102048
img_07508.jpg,0.208398,0.0476878,0.0762424,0.0216251,0.259395,0.0166304,0.295544,0.0744772
img_02699.jpg,0.483224,0.00175677,0.0032968,0.00570835,0.363896,0.00508873,0.0458577,0.0911721
img_05754.jpg,0.329492,0.00287646,0.062126,0.0119106,0.107343,0.431621,0.0457787,0.00885267
img_05768.jpg,0.00764982,0.0566733,0.00298614,0.00417028,0.00349155,0.000999536,0.140128,0.783901
img_07173.jpg,0.00452334,0.000958838,3.65421e-05,0.00157379,0.000107304,0.000721078,0.000704503,0.991375
img_02422.jpg,0.535186,0.354228,0.0100551,0.0100746,0.0171971,0.0614131,0.00091899,0.0109274
img_07757.jpg,0.231396,0.00626038,0.00977547,0.00280153,0.663227,0.00286876,0.00831915,0.075352
img_07183.jpg,0.00161462,0.470388,0.00241352,0.0593656,0.00789005,0.0539691,0.00612061,0.398239
img_01441.jpg,0.00489352,0.0050568,0.00526575,0.00196613,0.00621138,0.00802354,0.075795,0.892788
img_07179.jpg,0.0252143,6.68221e-05,2.05068e-05,0.000221746,0.974341,3.46724e-05,7.066e-05,2.98923e-05
img_02641.jpg,0.949413,0.00184225,0.00251096,0.0155784,0.00681639,0.00359114,0.00450895,0.0157387
img_01177.jpg,0.685428,0.000785357,0.0152593,0.0578726,0.207866,0.00959089,0.0107365,0.0124613
img_02964.jpg,5.61129e-05,0.00520517,0.01872,0.00166436,0.000252871,0.0013455,0.000863055,0.971893
img_07448.jpg,0.596547,0.0135116,0.0334593,0.198391,0.00603457,0.0140416,0.0120735,0.125942
img_05735.jpg,0.0944886,0.665891,0.00873634,0.0277105,0.0132286,0.116904,0.000970773,0.0720695
img_03739.jpg,0.000355878,0.011929,0.066893,0.000266179,0.000216724,0.00703621,0.000440276,0.912863
img_01685.jpg,0.257064,0.0674758,0.0423962,0.0175758,0.401345,0.191237,0.0151977,0.0077086
img_06368.jpg,0.26882,0.0956559,0.149165,0.0201923,0.171477,0.288025,0.00566046,0.00100436
img_07237.jpg,0.548387,0.0934359,0.00355434,0.00868587,0.000352894,0.123916,0.0238725,0.197796
img_02268.jpg,0.601639,0.0054309,0.0127188,0.188128,0.103795,0.00647382,0.00841727,0.0733972
img_01888.jpg,0.0460114,0.0205601,0.000146195,0.00860945,0.000186001,0.922819,0.000421398,0.00124628
img_05076.jpg,0.425434,0.393311,0.00723283,0.00333397,0.00925101,0.00415948,0.000912255,0.156365
img_05657.jpg,0.186215,0.00650122,0.0108772,0.00242604,0.718199,0.00187708,0.00772357,0.066181
img_05580.jpg,0.0518981,0.240203,0.00440555,0.00290406,0.00313396,0.00214513,0.0947333,0.600576
img_04183.jpg,0.31421,0.00619892,0.000296595,0.00283517,0.00246398,0.0127809,0.00134434,0.65987
img_00027.jpg,0.610891,0.284169,0.00771518,0.00443567,0.00944942,0.0802158,3.38532e-05,0.00309044
img_02270.jpg,0.619554,0.0742791,0.0908712,0.0207531,0.101063,0.0224319,0.0102467,0.0608014
img_02077.jpg,0.261727,0.00346727,0.00635692,0.541079,0.00360692,0.180431,0.00325244,7.93439e-05
img_00358.jpg,0.370742,0.198415,0.0063997,0.0155837,0.0308734,0.0535069,0.0052,0.31928
img_00119.jpg,0.00757111,0.628528,0.00975773,0.00221107,0.0583905,0.00103999,0.00286265,0.289639
img_02842.jpg,0.197858,0.0072933,0.00663407,0.00926565,0.0803804,0.672968,0.019995,0.00560582
img_07352.jpg,0.856874,0.0159611,0.000157468,0.00242148,0.0339221,0.000722732,0.00177607,0.0881651
img_02078.jpg,0.10518,0.01075,0.130994,0.0117015,0.621035,0.000548646,0.000910525,0.118881
img_07103.jpg,0.959698,0.011704,0.000328563,0.000665364,0.0209835,0.00288966,0.000256147,0.00347485
img_01213.jpg,0.711385,0.0660289,0.00264281,0.0102217,0.0126944,0.00608023,0.00525878,0.185688
img_06311.jpg,0.833798,0.0207489,0.000636484,0.00103316,0.00255359,0.133925,0.00166277,0.00564176
img_05434.jpg,0.114959,0.000490167,0.0142716,0.00331206,0.863752,0.00249436,0.000353909,0.000366989
img_00777.jpg,0.870497,0.00598374,0.00206565,0.000921473,0.00247167,0.112705,0.00455636,0.000799196
img_03475.jpg,0.0195547,0.000757043,0.000273325,0.000586624,0.978437,1.1396e-05,9.5723e-05,0.000283644
img_06893.jpg,0.317382,0.0139316,0.00751666,0.00934761,0.317652,0.0482899,0.011321,0.274559
img_03628.jpg,0.911324,0.0155192,0.000645062,0.00196786,0.0481772,0.00149732,0.00533778,0.0155312
img_05572.jpg,0.0458005,0.0849771,0.00294712,0.0012245,0.0010358,0.00207269,0.230355,0.631587
img_07354.jpg,0.945436,0.00336482,0.000112364,0.00109396,0.0279727,0.00067072,0.001649,0.0197004
img_03082.jpg,0.657971,0.317022,0.000225352,0.0231648,0.000725232,0.000349153,0.000274024,0.000268564
img_07678.jpg,0.00769504,0.00134759,0.00207132,0.985081,0.000677616,0.000361839,0.000266262,0.0024995
img_00730.jpg,0.105836,0.129696,0.00253013,0.00424217,0.0042479,0.00177187,0.00243188,0.749244
img_05269.jpg,0.618737,0.00333347,0.00236064,0.000988979,0.27615,0.000557472,0.00536629,0.0925062
img_02406.jpg,0.143702,0.00259921,0.00247789,0.680569,0.000990727,0.167236,0.00233517,9.04841e-05
img_06259.jpg,2.26395e-06,0.00031204,0.00755195,0.000238235,1.27773e-05,0.00277664,0.000714049,0.988392
img_00164.jpg,0.0542319,0.00460128,0.00928445,0.00588521,0.659035,0.0339242,0.00367309,0.229365
img_04766.jpg,0.686691,0.0931795,0.00345388,0.00893947,0.0333682,0.000986379,0.106863,0.0665186
img_03928.jpg,0.0199207,0.834063,0.0442458,0.018604,0.0208005,0.0024954,0.0234983,0.0363727
img_05584.jpg,0.241833,0.502605,0.122319,0.0106711,0.0615848,0.00162528,0.00279499,0.0565664
img_00889.jpg,0.00134555,0.00857624,0.232345,0.0036409,0.000464022,0.0785657,0.00406817,0.670995
img_02565.jpg,0.431167,0.137312,0.0181823,0.0295457,0.162096,0.0237648,0.0182341,0.179698
img_05731.jpg,0.023154,0.000243625,7.16986e-06,0.000334535,0.974525,0.0003971,0.0012054,0.000132899
img_07580.jpg,0.000399229,0.646668,0.000563545,0.0226516,0.00148328,0.00741284,0.0192143,0.301607
img_00128.jpg,0.00076219,0.530534,0.331364,0.00206177,0.00426161,0.0106173,0.00279036,0.117609
img_02799.jpg,0.945803,0.0112667,0.00031307,0.000903488,0.0343808,0.00335108,0.000343598,0.00363824
img_04482.jpg,0.884342,0.0202094,0.0109743,0.0431523,0.00180775,0.0349228,0.00287234,0.00171882
img_00383.jpg,0.96903,0.00590976,0.000193603,0.000675267,0.0184599,0.00247181,0.000225614,0.00303441
img_04240.jpg,0.295596,0.013624,0.00608815,0.0036146,0.0936338,0.0163285,0.0607853,0.51033
img_06371.jpg,0.00136722,0.99039,0.000602144,0.000254676,5.52922e-05,0.000798189,0.00230713,0.00422544
img_05953.jpg,0.0511487,0.0518525,0.405709,0.0135931,0.139743,0.239042,0.0255881,0.0733238
img_03563.jpg,0.463633,0.265855,0.00124258,0.21924,0.00288227,0.00155164,0.0025295,0.0430664
img_00902.jpg,1.26162e-07,0.000197582,9.81399e-06,1.59861e-05,9.97123e-06,1.50425e-05,0.999695,5.67323e-05
img_04461.jpg,0.756926,0.00234457,0.0081772,0.152609,0.00756087,0.00544151,0.0103134,0.0566276
img_06144.jpg,0.016457,0.014593,0.512617,0.0060197,0.0680333,0.0111578,0.0436985,0.327424
img_00518.jpg,0.732969,0.0022531,0.00923127,0.0140471,0.109528,0.0151683,0.045868,0.0709356
img_01681.jpg,0.145672,0.00192095,0.000790987,0.00129208,0.00522738,0.0021274,0.000635699,0.842333
img_03342.jpg,0.624989,0.339136,0.00613669,0.00171004,0.00607629,0.0130764,7.3064e-06,0.00886903
img_05979.jpg,0.406626,0.00162952,0.00449223,0.0015514,0.577383,0.00560227,0.0013898,0.00132559
img_00780.jpg,0.00625356,0.160453,0.127078,0.00134168,0.0024227,0.448868,0.0157275,0.237856
img_02920.jpg,0.735141,0.0248835,0.00911859,0.00461176,0.00017933,0.189041,0.00661761,0.0304078
img_07434.jpg,0.0114032,0.000553333,0.00043613,0.00013347,0.986762,0.000184007,0.00027558,0.000252442
img_05563.jpg,0.614073,0.0457405,0.00259667,0.00194105,0.000589393,0.196434,0.0325426,0.106083
img_04127.jpg,0.0544743,0.0234664,0.00275162,0.024629,0.00226752,0.482585,0.0303748,0.379451
img_01802.jpg,0.543347,0.0386341,0.00502214,0.00670156,0.26264,0.113964,0.00620375,0.0234871
img_03043.jpg,0.00298911,0.010358,0.4549,0.00348637,0.00283009,0.314647,0.0298886,0.180901
img_05074.jpg,0.247607,0.00183453,0.00171989,0.00108105,0.739883,0.00609637,0.00102235,0.000756187
img_03992.jpg,0.00759124,0.363204,0.0368217,0.00422648,0.427493,0.00200717,0.0164832,0.142173
img_03261.jpg,0.410479,0.15424,0.182094,0.150403,0.0183905,0.0452646,0.0065001,0.032629
img_06189.jpg,0.67845,0.140976,0.011154,0.0118071,0.0639873,0.0368641,0.0155665,0.0411948
img_04726.jpg,1.18455e-05,0.00658913,0.00340017,0.000786566,0.960113,0.00124167,0.00142932,0.0264285
img_02291.jpg,0.752126,0.223458,0.0103666,0.000356848,0.00499519,0.00453131,0.00193192,0.00223423
img_04118.jpg,0.627325,0.131146,0.0015702,0.00922253,0.00188631,0.20779,0.00215281,0.0189074
img_06510.jpg,0.867653,0.00606365,0.00261436,0.000515871,0.107793,0.00201369,0.00185444,0.0114917
img_03490.jpg,0.265585,0.177516,0.0227888,0.00808533,0.144379,0.0137253,0.0116566,0.356263
img_03801.jpg,0.939038,0.0110566,0.00140453,0.00247581,0.00623743,0.00102003,0.00156457,0.0372033
img_05792.jpg,0.975189,0.00351695,0.000506663,0.00149509,0.00868126,0.0048312,0.000185363,0.00559421
img_04261.jpg,0.620017,0.319183,0.000323276,0.0574909,0.00130937,0.000323913,0.000551927,0.000800074
img_00765.jpg,0.0755384,0.0648179,0.000106439,0.00595757,0.00021943,0.850778,0.000540327,0.0020417
img_04386.jpg,0.563516,0.0913114,0.0411298,0.0125868,0.145852,0.0978862,0.00541615,0.0423024
img_04705.jpg,0.000319909,0.0477368,0.733257,0.00235055,0.0590123,0.000842465,0.00130578,0.155175
img_06401.jpg,0.0116037,0.000597388,0.0180829,0.00811026,0.943302,0.000543281,0.00256753,0.0151927
img_03439.jpg,0.74098,0.00341719,0.00624808,0.137841,0.0232929,0.0790048,0.00362545,0.00559073
img_05603.jpg,0.724679,0.063235,0.0335925,0.0115469,0.0985244,0.0390028,0.0135072,0.0159125
img_04478.jpg,0.98541,0.00332453,0.00886842,0.00128917,0.000476226,0.00040011,0.000139617,9.15737e-05
img_00833.jpg,0.232477,0.00742914,0.00216049,0.0128542,0.00946047,0.166478,0.0350909,0.53405
img_00718.jpg,0.760911,0.00125823,0.00173099,0.00452298,0.00390459,0.217555,0.00491679,0.00519977
img_06059.jpg,0.000726869,0.00014995,9.19097e-05,0.000174291,0.998702,1.37986e-05,0.000139476,1.49114e-06
img_05139.jpg,0.000123258,0.00118659,0.185216,0.00406548,0.0003216,0.018527,0.00432259,0.786237
img_04585.jpg,0.000166177,0.000853723,0.00136532,0.000503256,0.996504,6.673e-05,0.000180915,0.000359461
img_02977.jpg,0.0962281,0.239944,0.00555259,0.00292047,0.641809,0.00129226,0.00412769,0.00812599
img_01963.jpg,0.981452,0.00455953,0.000118875,0.0010347,0.00834046,0.00193789,0.000541596,0.00201494
img_05653.jpg,0.0208345,0.690979,0.0087801,0.00262803,0.00100768,0.00634659,0.131454,0.13797
img_07147.jpg,4.58169e-08,0.000253521,5.28002e-05,0.000128689,0.999481,6.02988e-05,1.61453e-05,7.51707e-06
img_02808.jpg,0.941725,0.0175653,0.00151766,0.00371878,0.0035809,0.0308672,0.000365731,0.000659717
img_02956.jpg,0.56233,0.00848715,0.00227046,0.00373929,0.00441839,0.0158708,0.00998249,0.392902
img_00582.jpg,0.461977,0.230871,0.0216235,0.0202186,0.0158639,0.199979,0.00623226,0.0432347
img_03711.jpg,0.817603,0.00806679,0.0277155,0.0144402,0.0847363,0.0146038,0.00557554,0.0272589
img_02636.jpg,0.558235,0.0438555,0.00271151,0.00186753,0.258168,0.000906661,0.112262,0.0219934
img_04830.jpg,0.740768,0.000608333,0.00167069,0.00827342,0.23406,0.00433179,0.0038284,0.00645953
img_05516.jpg,0.564206,0.369215,0.00537175,0.0019973,0.00448753,0.0157211,0.00919693,0.0298046
img_04723.jpg,0.00182355,0.00443,0.63939,0.00361855,0.00378569,0.00772986,0.00193908,0.337283
img_05828.jpg,0.886659,0.00287173,0.000340537,0.00212118,0.100635,0.00574622,0.00135499,0.000271296
img_03078.jpg,0.399696,0.297209,0.145463,0.133191,0.00323618,0.0175468,0.00339348,0.000263956
img_02638.jpg,0.400592,0.146305,0.00135188,0.00217788,0.00113597,0.00343949,0.0151349,0.429863
img_01657.jpg,5.26683e-08,3.45907e-05,0.998791,0.000118911,2.84631e-05,0.000336042,8.14241e-05,0.000609303
img_07469.jpg,0.000796341,0.00566713,0.142527,0.00165619,0.000644449,0.0265311,0.00313745,0.81904
img_04013.jpg,0.000284646,0.719933,0.000492032,0.0151755,0.00145674,0.00268992,0.0058819,0.254086
img_04369.jpg,0.61402,0.0141632,0.00258666,0.00413542,0.00775768,0.353758,0.00221137,0.00136764
img_07505.jpg,0.957603,0.00242525,0.00356825,0.00123024,0.0240029,0.00444212,0.00068301,0.00604525
img_07330.jpg,0.801828,0.109528,0.00936873,0.0015667,0.00441897,0.0282901,0.00977931,0.03522
img_00170.jpg,0.665622,0.00183883,0.00907331,0.155359,0.0118905,0.147881,0.00318691,0.00514854
img_04546.jpg,0.0060879,0.186504,0.132253,0.000606077,0.00106824,0.0984307,0.00367855,0.571371
img_07044.jpg,0.169651,0.00395179,0.045869,0.0113261,0.021443,0.000337275,0.00595842,0.741464
img_06860.jpg,0.0201483,0.0152149,0.000950972,0.000984116,0.957437,0.00363222,0.000293203,0.00133884
img_07818.jpg,0.93989,0.0141786,0.000372957,0.000883454,0.0377279,0.00328357,0.000277683,0.00338558
img_03454.jpg,0.729796,0.00207338,0.00840638,0.0176183,0.211663,0.0190332,0.0092676,0.00214155
img_03726.jpg,0.000641016,0.693243,0.00118566,0.0468926,0.0073307,0.00491935,0.00666825,0.239119
img_00212.jpg,0.000651754,0.000436716,3.48035e-05,0.00206072,2.94644e-05,0.0011765,0.000505994,0.995104
img_06663.jpg,0.0169812,0.00977083,0.0245194,0.85567,0.00334515,0.0278371,0.00126722,0.0606091
img_05276.jpg,2.36425e-05,0.00516029,0.00220525,0.00087016,0.97972,0.00275379,0.000426753,0.00884034
img_07594.jpg,0.168105,0.0670806,0.00429157,0.00150737,0.013295,0.00110888,0.0137382,0.730873
img_01142.jpg,0.926414,0.000414181,0.00429792,0.00833527,0.031779,0.00152438,0.00619706,0.0210383
img_01035.jpg,0.858943,0.00520572,0.00164278,0.000664611,0.00274018,0.126969,0.00331599,0.000518697
img_04554.jpg,0.908841,0.00282018,0.00361743,0.00238334,0.0326122,0.00198803,0.0394337,0.00830403
img_00543.jpg,0.986396,0.00493654,0.000101609,0.000288416,0.00429507,0.000943209,7.94858e-05,0.0029593
img_02769.jpg,0.00994625,0.0540556,0.6429,0.0016134,0.003122,0.0149505,0.00375155,0.26966
img_03210.jpg,0.000113501,0.00709312,0.0179228,0.00173596,0.000153805,0.00282043,0.00192239,0.968238
img_02679.jpg,0.0484953,0.106505,0.179018,0.0189116,0.270214,0.000348388,0.0352946,0.341213
img_03199.jpg,0.74659,0.0984709,0.00270494,0.00667717,0.0196375,0.00165466,0.0443336,0.0799312
img_07110.jpg,0.914851,0.00252422,0.00165108,0.00202865,0.00542456,0.064154,0.00474061,0.0046256
img_05718.jpg,0.000832449,0.625233,0.00148212,0.0616356,0.00916685,0.00524195,0.0078043,0.288604
img_07623.jpg,0.77603,0.0225189,0.00316963,0.00339756,0.170432,0.000547174,0.00574579,0.018159
img_02889.jpg,0.744127,0.00647683,0.0124522,0.128281,0.0548562,0.00236965,0.00689211,0.0445457
img_04860.jpg,0.970921,0.000936025,0.000349824,0.0101745,0.0108062,0.00379017,0.00136607,0.00165655
img_04856.jpg,0.819968,0.0111062,0.015054,0.0450552,0.0540284,0.0175206,0.00657961,0.0306878
img_02865.jpg,0.00262805,0.909327,0.000817255,0.000505215,0.0404765,0.000569777,0.0014556,0.0442209
img_04990.jpg,0.00798118,0.0386994,0.00137777,0.0023202,0.00180546,0.000540744,0.171606,0.775669
img_07137.jpg,0.739493,0.0308919,0.0145818,0.0123253,0.163473,0.00200315,0.0175169,0.0197149
img_00289.jpg,0.502863,0.00305496,0.000372956,0.00280482,0.478278,0.00247588,0.00264694,0.00750292
img_00575.jpg,0.713695,0.0249024,0.00464503,0.00535222,0.0310385,0.0931981,0.0430391,0.0841297
img_04408.jpg,0.450327,0.301478,0.00196404,0.213174,0.00361742,0.00162249,0.00636635,0.0214508
img_05433.jpg,0.722457,0.0212907,0.00416285,0.0243378,0.0340718,0.150439,0.00148558,0.0417551
img_03260.jpg,0.914082,0.00296478,0.00227834,0.00541119,0.0424333,0.0184023,0.00213409,0.0122942
img_05292.jpg,0.839378,0.0937589,0.00467316,0.00220103,0.00894507,0.0425282,1.49187e-05,0.00850101
img_04661.jpg,0.814548,0.0390826,0.00462203,0.00742191,0.01019,0.115637,0.00418663,0.00431176
img_02726.jpg,0.213479,0.0389261,0.0869145,0.0389276,0.48238,0.13539,0.00182178,0.00216034
img_04752.jpg,0.174413,0.00486463,0.00808968,0.683341,0.00113114,0.124771,0.00323947,0.000150055
img_07689.jpg,0.0204937,0.00726962,0.047467,0.831192,0.00909123,0.0106479,0.000800541,0.0730385
img_07065.jpg,0.000528567,0.69959,0.000647489,0.0157767,0.000867804,0.00200068,0.00496403,0.275625
img_05236.jpg,0.265536,0.544278,0.00551494,0.00945975,0.00304527,0.0911659,0.000270337,0.0807304
img_00018.jpg,0.933379,0.00103955,0.000922354,0.00396665,0.00184607,0.0345093,0.00261992,0.0217175
img_00005.jpg,0.00227049,0.000104238,0.000665854,0.000284477,0.994984,0.000167131,0.0014694,5.41364e-05
img_05038.jpg,0.786582,0.0520879,0.00810522,0.00236462,0.00635928,0.0114653,0.0123611,0.120674
img_02646.jpg,0.000305269,0.0049489,0.00116417,0.0011634,0.00108652,0.12436,0.00385799,0.863114
img_05341.jpg,0.861771,0.00611078,0.00224321,0.00219217,0.108066,0.0105888,0.00107996,0.00794776
img_06549.jpg,0.952855,0.0103674,0.000420978,0.00134048,0.00168412,0.0274057,0.00442786,0.00149798
img_06684.jpg,0.972466,0.00723344,0.000299006,0.000580645,0.000307871,0.016382,0.00153994,0.0011908
img_05410.jpg,0.000137404,0.00570143,0.0535697,0.000677156,0.000425456,0.0341412,0.00243669,0.902911
img_03892.jpg,0.0474893,0.206943,0.0618952,0.0124191,0.0331223,0.434418,0.0813455,0.122368
img_00538.jpg,0.830608,0.00352512,0.00285214,0.0315928,0.002302,0.00914491,0.0129114,0.107064
img_00664.jpg,0.982293,0.00641668,0.00349035,0.000215949,0.00679261,0.00036268,0.000162143,0.000266845
img_05459.jpg,0.343579,0.17748,0.027748,0.0344835,0.0166872,0.0351207,0.00461887,0.360283
img_04921.jpg,0.136905,0.00252658,0.0119967,0.00592026,0.0500595,0.732716,0.0393215,0.020555
img_05673.jpg,0.740426,0.0988973,0.0262236,0.0112973,0.03563,0.0746309,0.00520513,0.00769001
img_04004.jpg,0.807192,0.00490736,0.0097073,0.00572185,0.0124361,0.116109,0.00493706,0.0389892
img_05439.jpg,0.966569,0.000931079,0.000315841,0.0084375,0.0157552,0.00395601,0.00199395,0.00204162
img_05682.jpg,0.0182308,0.046535,0.0123902,0.0270959,0.0401551,0.0370765,0.114777,0.703739
img_01995.jpg,0.00196226,0.385765,0.00244773,0.0665739,0.0082733,0.0830783,0.00725363,0.444646
img_01669.jpg,0.0509394,0.0108179,0.0552206,0.860034,0.00579331,0.0160959,0.000772743,0.000325676
img_05568.jpg,0.851069,0.0721861,0.000407152,0.0123417,0.0455001,0.00196696,0.00238895,0.0141397
img_06909.jpg,0.849836,0.129664,0.00906725,0.0053817,0.00213925,0.00225695,0.000898598,0.000756509
img_00442.jpg,4.73932e-06,0.000267702,0.00623152,0.000156769,2.03684e-06,0.000689396,0.000255736,0.992392
img_06099.jpg,0.430762,0.0746826,0.0153271,0.00273558,0.44226,0.00428765,0.00684756,0.0230972
img_03238.jpg,0.783762,0.0182423,0.00212932,0.00722721,0.0334853,0.068497,0.00455401,0.0821027
img_06324.jpg,0.348491,0.432339,0.0124125,0.119743,0.00264434,0.0660632,0.00352972,0.0147772
img_02372.jpg,0.00346647,0.000166952,0.000164068,0.000646002,0.993771,0.000650519,0.000839795,0.00029474
img_01724.jpg,0.931662,0.00224845,0.00372747,0.00246096,0.0109409,0.0381432,0.00622313,0.00459405
img_00724.jpg,0.121047,0.0125214,0.00675426,0.0539018,0.0184497,0.0389399,0.450588,0.297799
img_00837.jpg,0.85061,0.0417415,0.00348749,0.00676802,0.0599427,0.022549,0.0110168,0.00388493
img_02347.jpg,0.157411,0.00778396,0.00790058,0.00215578,0.752718,0.00422512,0.00890895,0.0588967
img_04586.jpg,0.917852,0.0594931,0.00680842,0.00865147,0.00211908,0.00319159,0.000654257,0.00122976
img_00141.jpg,6.70954e-05,0.000882726,0.00518291,0.000639826,0.000167298,0.000415743,0.000863501,0.991781
img_03584.jpg,0.000294872,0.117363,0.0863913,0.00543521,0.13651,0.000230322,0.00170109,0.652074
img_01745.jpg,0.873491,0.000208701,0.0557292,0.037078,0.00831512,0.00365986,0.00194008,0.0195782
img_05525.jpg,0.751232,0.0524742,0.0186342,0.00369041,0.0978593,0.0487456,0.0245312,0.00283281
img_00591.jpg,0.145054,0.0414367,0.00687967,0.00428903,0.00779739,0.14039,0.00460114,0.649552
img_01373.jpg,0.292287,0.000553212,0.000756897,0.000830125,0.689127,0.0147834,0.00142936,0.000232648
img_03457.jpg,0.950899,0.00435172,0.00140151,0.00168677,0.00486811,0.0319981,0.00124186,0.00355263
img_04268.jpg,0.953911,0.00271059,0.000742594,0.000842649,0.0209438,0.0155836,9.79835e-05,0.00516734
img_06698.jpg,0.760432,0.0166743,0.00431787,0.0189503,0.0477299,0.0894436,0.00103593,0.0614158
img_06946.jpg,0.557428,0.407192,0.00135119,0.00135393,0.00348919,0.00659732,0.00017233,0.0224167
img_06440.jpg,0.234846,0.00299564,0.00250179,0.00331287,0.00969619,0.730654,0.010095,0.00589871
img_02416.jpg,0.433302,0.195168,0.0260291,0.00621448,0.126866,0.0222097,0.00941375,0.180797
img_03440.jpg,4.16676e-05,0.0682325,0.136827,0.001979,0.00789747,0.000240327,0.00046097,0.784321
img_05488.jpg,0.920632,0.00459592,0.00292025,0.0110625,0.00138663,0.0518096,0.00666722,0.000926058
img_00533.jpg,0.198797,0.626196,0.00918181,0.00794532,0.00888635,0.00347337,0.00814006,0.13738
img_00618.jpg,0.632802,0.00594033,0.00237868,0.00381117,0.321186,0.0155807,0.00863816,0.00966322
img_06037.jpg,0.247299,0.00424682,0.0203474,0.00617826,0.0757843,0.130446,0.492628,0.0230697
img_04037.jpg,0.758684,0.0513143,0.0417503,0.00447546,0.102778,0.0230421,0.0110512,0.00690531
img_04101.jpg,0.894761,0.0163293,0.00322493,0.00087157,0.00151223,0.0766546,0.00509713,0.00154935
img_03297.jpg,0.974255,0.00440686,0.00157414,0.00575912,0.00989793,0.00221703,0.000722683,0.00116729
img_05612.jpg,0.964025,0.0141241,0.00137438,0.00213315,0.00524494,0.0126279,0.000248744,0.000222088
img_05489.jpg,0.491039,0.38736,0.0466264,0.00955957,0.0048821,0.0572716,0.00295691,0.000303794
img_01853.jpg,0.0807546,0.0517071,0.00204188,0.00500316,0.00294444,0.00382823,0.00128846,0.852432
img_01505.jpg,0.00189233,0.838277,0.00116134,0.000396714,0.0754839,0.000103772,0.00159542,0.08109
img_05558.jpg,0.696781,0.278041,0.00255113,0.000361149,0.00225288,0.000941482,0.000249871,0.0188219
img_00417.jpg,0.000674503,0.000855901,0.000106591,0.0117823,0.000106707,0.00375061,0.00389522,0.978828
img_04520.jpg,0.291648,0.0517049,0.0392602,0.00817814,0.090156,0.0353105,0.391296,0.0924455
img_01984.jpg,0.0261297,0.0951768,0.00560464,0.00222103,0.00046897,0.000943374,0.00175561,0.8677
img_05948.jpg,0.425575,0.00110311,0.000239624,0.000680221,0.00241079,0.547683,0.0205204,0.00178862
img_01874.jpg,0.614883,0.00117966,0.000967515,0.00189564,0.0313534,0.335941,0.00399406,0.00978503
img_07187.jpg,0.979102,0.00253263,0.000370118,0.000493966,0.0151825,0.000175918,0.000491704,0.00165089
img_03674.jpg,0.00151157,0.000158427,7.51032e-05,0.000163389,0.997012,2.35509e-05,0.00101657,3.97731e-05
img_02899.jpg,0.957239,0.00248568,0.00231734,0.0217409,0.00170084,0.013487,0.000953536,7.55427e-05
img_06756.jpg,0.965374,0.00158859,0.000631123,0.00709812,0.0169899,0.00380339,0.00370429,0.00081078
img_04375.jpg,0.00291836,0.000189288,0.000657346,0.000641109,0.994479,0.000170642,0.000255742,0.000688926
img_02666.jpg,0.985773,0.00206925,0.000285177,7.99288e-05,0.00826767,0.000390612,0.00117052,0.00196332
img_01856.jpg,0.945282,0.0109438,0.00054934,0.00146307,0.0193992,0.00841619,0.00208238,0.0118641
img_03809.jpg,0.885752,0.0139771,0.00180345,0.00964301,0.0127443,0.007939,0.0368718,0.0312696
img_02709.jpg,0.655884,0.0069546,0.0139999,0.153854,0.0190804,0.00211821,0.00535022,0.142758
img_05026.jpg,0.308139,0.583458,0.00215951,0.00138239,0.00314005,0.0257514,0.00024688,0.0757229
img_05445.jpg,0.969045,0.00243254,0.000423728,0.00457505,0.0143778,0.0075566,0.000968321,0.00062097
img_06962.jpg,0.0365955,0.0679595,0.0382361,0.0251933,0.00133527,0.181928,0.516344,0.132409
img_05794.jpg,0.960386,0.00649286,0.00115909,0.000985423,0.00445297,0.019423,0.00404741,0.00305357
img_07436.jpg,0.0089027,0.0779127,0.0187666,0.0102698,0.00158877,0.265705,0.46325,0.153604
img_03310.jpg,0.815415,0.0210286,0.00956523,0.022495,0.0178821,0.108803,0.00238715,0.00242332
img_06849.jpg,0.0796032,0.662454,0.00897874,0.00872458,0.00840229,0.000588274,0.0084132,0.222835
img_04719.jpg,0.476361,0.0178971,0.00319467,0.0142528,0.408414,0.0668049,0.0055431,0.00753237
img_03715.jpg,0.0127629,0.00844999,0.0138319,0.937746,0.0036338,0.00350402,0.00321202,0.0168596
img_05137.jpg,0.560701,0.105093,0.00626954,0.0369623,0.0176665,0.129035,0.0139487,0.130324
img_07304.jpg,0.82218,0.0189514,0.0172769,0.00819918,0.096378,0.0288503,0.00583669,0.00232698
img_05095.jpg,0.844675,0.12656,0.0031661,0.00381569,0.000562235,0.00450875,0.000738999,0.0159729
img_01043.jpg,0.0111009,9.24822e-05,0.00059075,0.00032198,0.986242,0.000524733,0.00106349,6.36534e-05
img_07583.jpg,0.539899,0.0226165,0.00424309,0.0301763,0.160922,0.0397645,0.120686,0.0816921
img_06832.jpg,0.75556,0.0105926,0.0722735,0.0737368,0.00443151,0.0648216,0.0067414,0.0118426
img_03527.jpg,2.64652e-06,0.00130329,0.417718,0.000711055,5.73829e-05,0.00128624,0.000368646,0.578553
img_04879.jpg,0.0266111,0.0456246,0.00305101,0.0463904,0.0223288,0.854516,0.000989119,0.000489105
img_06690.jpg,0.000315487,0.00328537,0.164471,0.00735265,0.00118644,0.0234596,0.00327531,0.796655
img_03254.jpg,0.121026,0.00230492,0.00244317,0.00238688,0.020272,0.829587,0.0191892,0.002791
img_07906.jpg,0.00291299,0.0204658,0.737715,0.00128803,0.00347899,0.0284205,0.0045425,0.201176
img_04712.jpg,0.0152954,0.00522317,0.168469,0.0120609,0.311842,0.0883036,0.00852082,0.390285
img_00380.jpg,0.785222,0.073523,0.0475012,0.0303892,0.0459549,0.00327343,0.00602249,0.00811386
img_03074.jpg,0.981535,0.0038164,0.000724781,0.00208516,0.00123394,0.00275218,0.00680429,0.00104817
img_01198.jpg,0.198877,0.00639465,0.0101957,0.00235653,0.726553,0.0077503,0.00913772,0.0387353
img_01237.jpg,0.0143093,0.00039461,0.000755321,0.00127708,0.97625,0.00063174,0.00296332,0.00341826
img_05251.jpg,0.3841,0.191595,0.0165166,0.0116743,0.0206868,0.0256005,0.110531,0.239296
img_07538.jpg,0.00926656,0.111662,0.0345409,0.0374393,0.00100154,0.127714,0.410599,0.267777
img_04496.jpg,0.941762,0.00472103,0.000412573,0.00125519,0.00838908,0.00177428,0.00135465,0.0403309
img_00876.jpg,0.0072159,0.700288,0.0044057,0.00253208,0.0521437,0.000769773,0.00117446,0.23147
img_07553.jpg,0.315625,0.00226978,0.00410236,0.00387374,0.465397,0.181036,0.0249386,0.00275767
img_02216.jpg,0.00613518,0.21161,0.0176487,0.000855562,0.740586,0.00445047,0.00165862,0.0170558
img_06806.jpg,0.134414,0.194996,0.281858,0.0490197,0.0338428,0.000892211,0.0111164,0.29386
