image,ALB,BET,DOL,LAG,NoF,OTHER,SHARK,YFT
img_01444.jpg,0.646794,0.132044,0.00165577,0.000377474,0.00433161,0.204762,0.000722534,0.0093131
img_03140.jpg,0.867453,0.0876667,0.00513128,0.00204809,0.00480858,0.0142617,0.00510214,0.0135289
img_03290.jpg,0.165827,0.00249569,0.00144424,0.00120978,0.00431466,0.276201,0.00573653,0.542771
img_05064.jpg,0.59165,0.0352763,0.0932388,0.0186771,0.106325,0.0409687,0.0220625,0.0918021
img_06642.jpg,0.00300599,0.00323148,9.33207e-05,0.000269692,0.000176285,0.000188221,2.35516e-05,0.993011
img_07143.jpg,0.00454585,0.00024251,0.000338639,7.60378e-05,0.993923,1.59209e-05,0.000829798,2.8111e-05
img_02602.jpg,0.788045,0.104249,0.0162179,0.00378715,0.0447006,0.0164469,0.0127936,0.0137593
img_01538.jpg,0.740367,0.0903245,0.00376578,0.00200375,0.000197989,0.156589,0.00498522,0.00176733
img_02159.jpg,0.115694,0.00314788,0.0102919,0.00834014,0.861172,0.000692072,0.000581258,8.08855e-05
img_06807.jpg,0.0430325,0.000855674,0.000530423,0.00161654,0.911803,0.0033402,0.0382691,0.000552134
img_06845.jpg,0.268645,0.152523,0.0691843,0.0134866,0.00572207,0.0148553,0.22509,0.250494
img_02734.jpg,0.560686,0.32404,0.0446967,0.00407657,0.0143335,0.0388314,0.00261774,0.0107187
img_02702.jpg,0.991917,0.000215122,0.000173921,0.000157722,0.00252527,0.000673486,0.000158383,0.00417879
img_02231.jpg,0.35825,0.0336369,0.0104726,0.0777404,0.367271,0.122006,0.0235047,0.00711899
img_07371.jpg,0.00424364,0.0275776,0.856763,0.00168577,0.00141467,0.0155244,0.00219633,0.0905951
img_01562.jpg,0.00447455,0.00339302,0.000334757,0.00059373,0.000766921,0.000221282,0.0984575,0.891758
img_07908.jpg,0.492663,0.0242157,0.025104,0.127907,0.0331461,0.0111267,0.0236951,0.262142
img_05156.jpg,0.472495,0.00178882,0.000652294,0.0011876,0.0146571,0.5015,0.00653881,0.00118114
img_06555.jpg,0.384086,0.0425122,0.0744254,0.188913,0.134422,0.0549494,0.00762639,0.113065
img_04323.jpg,0.0257956,0.00273686,0.000485938,0.00139561,0.926388,0.00365576,0.0390867,0.000455535
img_02838.jpg,0.602941,0.0532547,0.00404682,0.0216413,0.3011,0.0021344,0.000783283,0.0140982
img_06800.jpg,0.00193887,0.000170903,0.0032208,0.0104807,0.982436,0.000298126,0.000611775,0.000842932
img_06003.jpg,0.729111,0.0432611,0.00323093,0.00459259,0.012693,0.0217454,0.0264526,0.158914
img_01966.jpg,0.92751,0.0660095,0.0020803,0.00111682,0.000614963,0.000671995,0.00129548,0.000701329
img_01426.jpg,0.311612,0.442226,0.00105135,0.0036265,0.000266279,0.0739855,0.035416,0.131816
img_01688.jpg,0.6152,0.0435983,0.00318099,0.00255446,0.0158667,0.145183,0.0351049,0.139312
img_01031.jpg,0.69005,0.0157143,0.17879,0.00583858,0.00136149,0.0950077,0.00906271,0.00417551
img_04237.jpg,0.000124965,0.998077,0.000105453,0.000654781,8.70687e-05,0.000645032,0.000142493,0.000162813
img_06947.jpg,0.000233581,0.00336425,0.000700997,0.00180547,0.989076,0.000903271,0.00103048,0.00288559
img_06186.jpg,0.873704,0.0258412,0.021635,0.0119066,0.0334803,0.0214272,0.00577218,0.00623363
img_02398.jpg,0.623684,0.00228615,0.000791844,0.00513947,0.0720355,0.0986076,0.010401,0.187054
img_06294.jpg,0.992305,0.00463397,4.34286e-05,0.000107568,0.00143809,0.00142866,7.59144e-06,3.57581e-05
img_07910.jpg,0.984913,0.00613998,0.00378046,7.82447e-05,0.00356309,0.00108118,0.000166135,0.000278014
img_05284.jpg,0.395219,0.510164,0.00139685,0.00473693,0.00651637,0.0395575,0.0158669,0.0265423
img_05209.jpg,0.824413,0.0790047,0.0615105,0.00696125,0.0192408,0.00386782,0.00252282,0.00247909
img_00102.jpg,0.595831,0.0557651,0.00396414,0.00421346,0.00905099,0.196101,0.0017731,0.133301
img_07616.jpg,0.545789,0.0788707,0.0854061,0.0319936,0.0575082,0.0418716,0.0280774,0.130483
img_06616.jpg,0.484749,0.0107499,0.00515886,0.00194905,0.166053,0.236401,0.00139529,0.0935442
img_07192.jpg,0.550516,0.00449991,0.00618058,0.00107366,0.416218,0.00390232,0.00186636,0.015743
img_04888.jpg,0.974759,0.00378983,0.000278577,0.00036742,0.00414107,0.000710721,0.000407403,0.0155456
img_00375.jpg,0.284139,0.0467661,0.232669,0.0805356,0.325625,0.028284,0.00182116,0.000159058
img_03283.jpg,0.000910142,0.00937122,0.0152111,0.0583161,1.99151e-05,0.00152009,0.000711975,0.91394
img_01511.jpg,0.933765,0.00159342,0.00787975,0.00254519,0.0134099,0.0344313,0.00587834,0.000497428
img_01552.jpg,0.998348,0.000615651,0.000144771,1.97202e-05,0.000407558,0.000367296,5.90082e-05,3.81432e-05
img_03670.jpg,0.68389,0.00405013,0.0202686,0.0241349,0.213687,0.0236425,0.0136799,0.0166466
img_05950.jpg,0.94663,0.0191492,0.0201644,0.000404763,0.00549143,0.00455306,0.00261842,0.000988698
img_06475.jpg,0.548844,0.010306,0.00160644,0.00401609,0.022101,0.255352,0.0165036,0.141271
img_03588.jpg,0.0540051,0.000253484,0.000535855,0.00486372,0.0537698,0.856565,0.0280074,0.00199924
img_03974.jpg,0.574731,0.00136147,0.00653056,0.000752063,0.401711,0.00492796,0.00083683,0.00914942
img_04640.jpg,0.674799,0.000983216,0.00104862,0.00155729,0.0245356,0.294445,0.000168672,0.00246227
img_00280.jpg,0.282223,0.00503157,0.00828875,0.00408243,0.688685,0.00275571,0.00202542,0.00690758
img_03548.jpg,0.385257,0.0252542,0.0147208,0.00574144,0.00740733,0.0413519,0.0674286,0.452839
img_07833.jpg,0.914555,0.0306626,0.000835685,0.000820283,0.00351741,0.0252406,0.00955267,0.0148156
img_07543.jpg,0.0113196,0.00147932,5.86081e-05,7.49881e-05,0.986928,2.09272e-05,6.30502e-05,5.53599e-05
img_02890.jpg,0.313937,0.0141828,0.00963652,0.00579751,0.00778741,0.639143,0.00933518,0.000180398
img_00484.jpg,0.42578,0.113034,0.0636978,0.0381209,0.00590067,0.00793953,0.237508,0.10802
img_01627.jpg,0.958474,0.00193652,0.000745469,0.000356448,4.2376e-05,0.0367603,0.00118939,0.000495893
img_07278.jpg,0.977023,0.00895883,0.00042555,0.00030831,0.00471926,0.00275223,0.000118378,0.00569454
img_03116.jpg,1.86149e-05,0.160561,0.0818599,0.00450911,0.573221,0.000178462,0.0046645,0.174987
img_02307.jpg,0.279776,0.114064,0.00437542,0.00693169,0.175204,0.0164647,0.0213833,0.3818
img_05085.jpg,0.269701,0.00608915,0.0113446,0.0160012,0.638694,0.00268449,0.00566189,0.0498235
img_05393.jpg,0.441887,0.253349,0.00166775,0.00862464,0.000163372,0.065769,0.0467673,0.181772
img_05654.jpg,0.88367,0.000849938,0.000329008,0.0142732,2.12353e-05,0.097304,0.00283748,0.000714908
img_07921.jpg,0.0133519,0.00142264,1.34692e-05,0.00119359,0.000141674,0.983147,0.000258671,0.000471001
img_05440.jpg,0.89282,0.0643101,0.0122097,0.0106025,0.0133639,0.00384169,0.00157357,0.00127867
img_04272.jpg,0.853759,0.00534174,0.000513046,0.000487266,0.0420058,0.00315619,0.00159501,0.093142
img_07792.jpg,0.366616,0.114742,0.00869524,0.0031043,0.0213668,0.380944,0.000343581,0.104189
img_00921.jpg,0.623947,0.00372297,0.00192623,0.00259637,0.0895309,0.161715,0.00677965,0.109782
img_02651.jpg,0.98505,0.000881093,0.00389972,0.000208707,0.00827475,0.000211281,0.000178799,0.00129572
img_04263.jpg,0.940855,0.00148302,0.000318276,0.000964676,0.046249,0.00746708,0.00122555,0.00143774
img_02546.jpg,0.248564,0.154374,0.00748941,0.00977215,0.169591,0.00676179,0.0168969,0.386551
img_03239.jpg,5.23418e-08,0.00019433,8.68133e-06,1.20704e-05,9.67329e-06,1.75495e-05,0.999708,4.99555e-05
img_07045.jpg,0.4733,0.00626788,0.00131892,0.0010332,0.252725,0.000359393,0.00464105,0.260354
img_00587.jpg,0.675604,0.0160764,0.00252203,0.001363,0.00990223,0.188195,3.29233e-05,0.106304
img_01983.jpg,0.286416,0.0165285,0.0690153,0.0137661,0.427306,0.184331,0.00132753,0.00130937
img_05743.jpg,0.358646,0.0433445,0.0288837,0.0037856,0.0116331,0.524105,0.0293703,0.000231945
img_02066.jpg,0.347594,0.0255209,0.0197178,0.0206428,0.296612,0.186412,0.0265194,0.0769811
img_02252.jpg,0.696971,0.000522697,0.000198179,0.000506332,0.28536,3.56607e-05,0.000638813,0.0157672
img_06426.jpg,0.798926,0.0148166,0.000841875,0.000786886,0.0101794,0.00134337,0.00351597,0.169589
img_05548.jpg,0.944178,0.000475927,0.00146129,0.0137613,3.13217e-05,0.0376321,0.00224944,0.000210891
img_07213.jpg,0.178665,0.265489,0.289512,0.0101609,0.0464654,0.17209,0.0310438,0.00657381
img_02281.jpg,0.000345779,0.0297597,0.0393623,0.908511,0.0031732,0.00334066,0.00065039,0.0148565
img_03069.jpg,0.0958847,0.0793755,0.00284449,0.155348,0.000634669,0.117893,0.00407428,0.543946
img_06203.jpg,0.480335,0.00365541,0.0033962,0.000825584,0.0995121,0.072817,0.0466764,0.292783
img_04642.jpg,0.450532,0.0175268,0.00063779,0.00147055,0.519756,0.00370451,0.000896697,0.00547503
img_05835.jpg,0.530933,0.102554,0.0173749,0.0402588,0.281495,0.00680934,0.00142501,0.0191502
img_06658.jpg,0.125699,0.000917156,0.0005471,0.00129086,0.000550067,0.454951,0.0166507,0.399394
img_03602.jpg,0.22847,0.00397368,0.00238315,0.00342953,0.0987094,0.632766,0.0242927,0.00597614
img_06902.jpg,0.351823,0.0032111,0.00689576,0.014444,0.582844,0.00101035,0.00296258,0.0368092
img_07068.jpg,0.419319,0.177332,0.00681037,0.00329728,0.0166948,0.0487371,0.120937,0.206872
img_05293.jpg,0.0206559,0.25747,0.00161026,0.403724,0.00140118,0.041946,0.0412989,0.231893
img_03471.jpg,0.000744494,0.000261991,0.00437455,0.971959,0.000178977,0.000348921,0.00179757,0.0203346
img_01102.jpg,0.0817315,0.17002,0.147615,0.0913703,0.0762767,0.000663634,0.0108307,0.421492
img_00483.jpg,0.968282,0.00738171,0.000365757,0.00057802,0.00760732,0.000457913,0.00164328,0.0136844
img_04044.jpg,0.819234,0.0017266,0.0164547,0.00871827,0.138838,0.00249311,0.00789136,0.00464452
img_01388.jpg,0.624392,0.103611,0.00149094,0.00138097,0.0054334,0.253172,0.00240979,0.00811066
img_07094.jpg,0.98359,0.00302923,0.000328433,0.000259346,0.00216999,9.3861e-05,0.000546137,0.00998334
img_02074.jpg,0.758174,0.050287,0.00487638,0.127279,0.0221367,0.03348,0.00141303,0.00235405
img_03312.jpg,0.928401,0.00860818,0.00082762,0.000467912,2.00649e-05,0.041734,0.00392652,0.0160152
img_05640.jpg,0.903032,0.0154142,0.0119072,0.00236001,0.0498884,0.00516774,0.00310363,0.00912734
img_01204.jpg,0.00733134,0.972264,9.05777e-05,9.53827e-05,0.00903648,8.39806e-05,0.00214503,0.00895362
img_05915.jpg,0.00109263,0.00321472,0.745386,0.00117956,0.000354642,0.0390244,0.00330167,0.206446
img_02556.jpg,0.640175,0.00604267,0.0007061,0.000706751,0.0020344,0.00263299,0.000298676,0.347404
img_04410.jpg,0.558839,0.0832938,0.0956056,0.0563309,0.0216179,0.163644,0.00435473,0.0163142
img_01059.jpg,0.658915,0.0111015,0.000491865,0.0006384,0.00166084,0.1818,0.0617422,0.0836503
img_07060.jpg,0.506328,0.0298659,0.0372871,0.0158385,0.000579489,0.253096,0.00625377,0.150752
img_05211.jpg,0.360999,0.0521383,0.00296503,0.00574232,0.118864,0.00779559,0.0103946,0.441101
img_02974.jpg,0.91638,0.00699793,0.000260445,0.00228288,0.0489307,0.000497199,0.000657862,0.0239932
img_03866.jpg,0.796544,0.0173616,0.000850521,0.00511528,0.0226738,0.105176,0.00321138,0.0490673
img_00948.jpg,0.136594,0.00942527,0.00825673,0.0197669,0.724731,0.00214371,0.00568631,0.0933962
img_02299.jpg,0.215818,0.246856,0.0537724,0.0608577,0.000191984,0.27449,0.00882705,0.139187
img_06611.jpg,0.000213456,0.0959912,0.218496,0.00367457,0.0147868,0.0022975,0.00144747,0.663093
img_01976.jpg,0.957288,0.00198921,9.87338e-05,0.00051024,0.000981339,0.00215199,0.000573124,0.0364077
img_02522.jpg,0.923747,0.0111631,0.00411102,0.0129874,0.0179435,0.013455,0.00704808,0.00954483
img_07146.jpg,0.0619861,0.000945603,0.000909192,0.00294107,0.889228,0.00360604,0.0334139,0.00697
img_02194.jpg,0.892076,0.0015491,9.52306e-05,0.000250836,0.0898483,0.0155621,0.000306257,0.000312512
img_01955.jpg,0.000241946,0.000147031,0.000994399,0.000175285,0.000775406,0.000257849,0.00154506,0.995863
img_00120.jpg,0.0069688,0.00304171,0.000285531,0.000573671,0.00029961,0.000209623,0.0869398,0.901681
img_04156.jpg,0.472004,0.0101034,0.301901,0.00600609,0.0101645,0.172557,0.0167952,0.0104683
img_00053.jpg,0.779941,0.00306359,0.0349036,0.0214953,0.0273077,0.00221996,0.0244067,0.106662
img_01366.jpg,0.24316,0.0345226,0.033868,0.00510711,0.00791449,0.658309,0.0169219,0.000196467
img_02857.jpg,0.172321,0.148819,0.00389646,0.00232029,0.64777,0.00689853,0.00621017,0.0117649
img_06147.jpg,0.304573,0.142978,0.0151474,0.0281248,0.018491,0.0147049,0.357616,0.118365
img_01646.jpg,0.894295,0.0128156,0.00748295,0.0597799,0.00171573,0.00625326,0.0167651,0.000892353
img_00493.jpg,0.161541,0.0395168,0.0268397,0.0249476,0.619951,0.121633,0.00146731,0.00410356
img_04306.jpg,0.970516,0.00391439,0.000915526,0.000654261,0.000289,0.000185786,0.000435062,0.02309
img_03333.jpg,0.64404,0.00195557,0.000205837,0.000894248,0.0113334,0.328002,0.0100173,0.00355117
img_01413.jpg,0.862632,0.00143271,0.00318313,0.00404317,0.120419,0.00193584,0.00138342,0.00497109
img_00894.jpg,0.228863,0.00844761,0.0245318,0.00179387,0.656112,0.00313812,0.00222389,0.0748905
img_00667.jpg,0.014392,0.967287,7.77282e-05,8.40567e-05,0.00789413,9.67168e-05,0.00153899,0.00862914
img_05046.jpg,0.201197,0.0865478,0.00214753,0.0042499,0.227074,0.0128347,0.024532,0.441417
img_04425.jpg,0.8273,0.0800743,0.00258389,0.00394628,0.00736285,0.00736246,0.00370483,0.0676655
img_02789.jpg,0.00710721,0.000191764,0.00301252,0.000771827,0.959126,0.00109212,0.0286726,2.63228e-05
img_05508.jpg,0.812791,0.00951027,0.00373098,0.00391685,0.00868877,0.000896159,0.00215906,0.158307
img_04257.jpg,0.283948,0.0225226,0.00100264,0.00226339,0.680714,0.00170528,0.000865344,0.00697918
img_07467.jpg,0.940128,0.0125354,0.000273523,0.00088829,0.0381227,0.00312226,0.000369512,0.00456073
img_03847.jpg,0.0341845,0.2071,0.00328061,0.0954592,0.0158675,0.591837,0.00898074,0.0432908
img_00914.jpg,0.00363849,0.0499144,0.0105152,0.00177069,0.00777684,0.0341428,0.00355553,0.888686
img_04415.jpg,0.687181,0.00667617,0.0033324,0.00513664,0.0889221,0.0763436,0.0351318,0.0972767
img_01537.jpg,0.922526,0.00214836,0.00331333,0.00168672,0.00441169,0.0604053,0.0033652,0.00214308
img_07156.jpg,0.662418,0.00185027,0.00231956,0.00065052,0.00203367,0.324464,0.00598357,0.00028001
img_05021.jpg,0.00802522,0.000169899,1.34245e-05,9.19486e-05,0.99034,6.31045e-05,0.00115893,0.000137728
img_00855.jpg,0.856229,0.00353274,0.0444516,0.0288692,0.00382334,0.010581,0.00462828,0.0478852
img_03370.jpg,0.976227,0.000281248,3.70272e-05,0.000113203,0.000650031,0.00785636,2.14112e-05,0.0148133
img_07508.jpg,0.22042,0.0589856,0.0715392,0.0204044,0.271179,0.015744,0.27962,0.0621075
img_02699.jpg,0.415036,0.00172051,0.00240326,0.00496001,0.479445,0.0057636,0.0199252,0.0707465
img_05754.jpg,0.42412,0.00167129,0.0269669,0.00626673,0.109635,0.395505,0.0226027,0.0132325
img_05768.jpg,0.00250493,0.00180558,0.000486503,0.000930895,0.00105204,0.000668418,0.119853,0.872698
img_07173.jpg,0.000981966,0.000389253,2.8078e-05,0.00189589,1.35682e-05,0.000793484,0.000774746,0.995123
img_02422.jpg,0.795816,0.0190899,0.00273251,0.00321219,0.00972399,0.143433,0.00105314,0.0249398
img_07757.jpg,0.238297,0.00470129,0.0085804,0.00231499,0.683087,0.00363295,0.00652643,0.0528597
img_07183.jpg,0.00378245,0.330928,0.00218576,0.0884101,0.00472041,0.0592164,0.00771085,0.503046
img_01441.jpg,0.00285538,0.00699159,0.00459418,0.00215543,0.00271709,0.00739048,0.0583986,0.914897
img_07179.jpg,0.0106768,7.90833e-05,2.53919e-05,0.000176877,0.988924,2.74255e-05,7.06556e-05,1.96337e-05
img_02641.jpg,0.949719,0.00213503,0.00489884,0.00482711,0.00493979,0.0131585,0.00715658,0.0131656
img_01177.jpg,0.586701,0.000706662,0.0281944,0.0251896,0.269584,0.0313903,0.0185324,0.0397012
img_02964.jpg,2.54912e-05,0.00237337,0.00486856,0.000813226,7.56494e-05,0.000678266,0.000300376,0.990865
img_07448.jpg,0.614982,0.00972476,0.0246546,0.133775,0.0101943,0.0291862,0.0142797,0.163204
img_05735.jpg,0.205678,0.176489,0.00563015,0.0143372,0.0318292,0.379019,0.00136209,0.185655
img_03739.jpg,0.000260153,0.00872594,0.200773,0.000352964,0.000173671,0.0131365,0.000579265,0.775999
img_01685.jpg,0.265419,0.108761,0.0412036,0.00694613,0.439139,0.121399,0.0129528,0.00417919
img_06368.jpg,0.295839,0.169161,0.160633,0.0177183,0.0957896,0.242777,0.0165568,0.00152501
img_07237.jpg,0.635819,0.0864174,0.00360249,0.00843171,0.000274981,0.124303,0.0189814,0.12217
img_02268.jpg,0.68945,0.005751,0.00832224,0.124286,0.0716238,0.0136971,0.00783247,0.0790369
img_01888.jpg,0.0209352,0.00265742,4.21168e-05,0.00160475,4.25616e-05,0.973943,0.000171196,0.000603489
img_05076.jpg,0.546839,0.0114603,0.00111236,0.00110304,0.00552133,0.0226565,0.000357424,0.41095
img_05657.jpg,0.206392,0.00847152,0.00909426,0.0029472,0.713936,0.00364485,0.00690494,0.0486085
img_05580.jpg,0.0759841,0.0444108,0.00163001,0.00122152,0.00206812,0.00119171,0.0860094,0.787484
img_04183.jpg,0.393304,0.00624978,0.00043293,0.00255231,0.00269705,0.019412,0.0011852,0.574166
img_00027.jpg,0.707277,0.0081681,0.00125207,0.00100086,0.00405091,0.272409,1.08985e-05,0.00583116
img_02270.jpg,0.565725,0.0587273,0.0905675,0.0177591,0.13267,0.0480757,0.0123898,0.0740849
img_02077.jpg,0.198402,0.00314482,0.0102951,0.409886,0.00360077,0.368059,0.00655572,5.69794e-05
img_00358.jpg,0.552367,0.0102087,0.00269543,0.00511895,0.0191227,0.100009,0.00386934,0.306609
img_00119.jpg,0.0473376,0.879997,0.00092438,0.000529959,0.0104267,0.000397009,0.0035971,0.0567899
img_02842.jpg,0.183254,0.00309265,0.00288628,0.00346004,0.0853239,0.667008,0.0503579,0.00461757
img_07352.jpg,0.914529,0.00902397,8.43481e-05,0.00116382,0.0211363,0.000424792,0.000841229,0.0527965
img_02078.jpg,0.0968961,0.0144473,0.149764,0.0138302,0.59263,0.00100028,0.000945783,0.130486
img_07103.jpg,0.966882,0.0134346,0.000243455,0.000529989,0.0125584,0.00317109,0.000228228,0.00295249
img_01213.jpg,0.793457,0.0704132,0.00432251,0.0131834,0.00784889,0.00783297,0.00559899,0.0973432
img_06311.jpg,0.78385,0.0330605,0.000895325,0.000714658,0.00171753,0.17632,0.00140234,0.00203995
img_05434.jpg,0.0421927,0.000464048,0.014105,0.00149037,0.938019,0.00340329,0.000232792,9.31771e-05
img_00777.jpg,0.864268,0.00392181,0.00284392,0.000605058,0.00141308,0.123578,0.00310542,0.00026384
img_03475.jpg,0.0133572,0.000531844,0.000195799,0.000301059,0.9853,1.03808e-05,7.89192e-05,0.00022497
img_06893.jpg,0.324694,0.00211272,0.00347411,0.00299947,0.299097,0.066652,0.00908495,0.291886
img_03628.jpg,0.966574,0.00819466,0.000206014,0.000736475,0.0149567,0.00133341,0.00169329,0.00630589
img_05572.jpg,0.0366692,0.0149667,0.000570875,0.000318438,0.000544548,0.00105226,0.21277,0.733108
img_07354.jpg,0.943764,0.00441025,9.32363e-05,0.000904865,0.0292845,0.000506832,0.00119883,0.0198373
img_03082.jpg,0.735193,0.24135,0.000190875,0.0214571,0.000589355,0.00045196,0.000510931,0.000256874
img_07678.jpg,0.00831575,0.000719694,0.00205697,0.984598,0.000538852,0.00114919,0.00054439,0.00207728
img_00730.jpg,0.0966071,0.00268462,0.000243588,0.000781512,0.000681279,0.00143617,0.00112672,0.896439
img_05269.jpg,0.603553,0.00318595,0.00241601,0.000973141,0.316629,0.000349626,0.00387492,0.0690181
img_02406.jpg,0.118239,0.00175738,0.00314608,0.605336,0.000856405,0.263915,0.00666767,8.21399e-05
img_06259.jpg,2.1063e-06,0.000343294,0.00882949,0.000336249,1.76117e-05,0.00398979,0.000749319,0.985732
img_00164.jpg,0.0320996,0.00341334,0.0080668,0.00485813,0.832026,0.00865812,0.00158905,0.109289
img_04766.jpg,0.81602,0.0159965,0.00109416,0.00346241,0.0107142,0.00238766,0.0512599,0.0990647
img_03928.jpg,0.217028,0.422854,0.0629003,0.0288574,0.0530487,0.0381095,0.0928206,0.0843811
img_05584.jpg,0.18332,0.604348,0.0986313,0.0119998,0.0333748,0.00233453,0.00398814,0.0620032
img_00889.jpg,0.0024686,0.00968126,0.310448,0.0059389,0.000583616,0.127635,0.00370757,0.539537
img_02565.jpg,0.5583,0.0124729,0.00595762,0.00763786,0.128479,0.108815,0.00696682,0.171371
img_05731.jpg,0.03121,0.000395672,9.95911e-06,0.000329235,0.96629,0.000496714,0.000888188,0.000380705
img_07580.jpg,0.000507622,0.424847,0.000696707,0.0626668,0.00179606,0.012564,0.0299554,0.466966
img_00128.jpg,0.000720416,0.486876,0.380987,0.00180446,0.00333189,0.0128906,0.00134005,0.112049
img_02799.jpg,0.959892,0.0104976,0.000235096,0.000683362,0.0222296,0.00332933,0.000322686,0.00281006
img_04482.jpg,0.921014,0.010521,0.00907585,0.0253022,0.000665642,0.0306583,0.00210591,0.000656816
img_00383.jpg,0.975258,0.00652949,0.00014768,0.000528652,0.0115387,0.0029345,0.000206015,0.00285737
img_04240.jpg,0.307904,0.00148524,0.00184446,0.00121107,0.107183,0.0522558,0.025582,0.502534
img_06371.jpg,0.00229259,0.989593,0.000530723,0.00022453,3.51855e-05,0.00113195,0.00141132,0.00478029
img_05953.jpg,0.111666,0.026644,0.225486,0.00981496,0.180402,0.281225,0.069812,0.0949497
img_03563.jpg,0.511012,0.215119,0.00108913,0.221432,0.0034626,0.00261342,0.00389438,0.0413774
img_00902.jpg,1.65347e-08,0.000273219,1.14405e-05,1.25234e-05,4.13975e-06,1.40479e-05,0.999587,9.766e-05
img_04461.jpg,0.781192,0.00246958,0.00975209,0.117698,0.0129353,0.00632845,0.0151502,0.0544739
img_06144.jpg,0.0198713,0.0286301,0.444819,0.00587081,0.105934,0.0178531,0.0342632,0.342759
img_00518.jpg,0.713478,0.00285901,0.00895891,0.0152728,0.106727,0.0221356,0.051629,0.0789399
img_01681.jpg,0.101115,0.0026891,0.000475022,0.00130395,0.00375397,0.00234554,0.000617605,0.8877
img_03342.jpg,0.713633,0.0575694,0.00385004,0.000707316,0.00996395,0.176443,9.35313e-06,0.0378242
img_05979.jpg,0.286684,0.00165181,0.00362381,0.0013013,0.699785,0.00466789,0.000983191,0.00130296
img_00780.jpg,0.0109716,0.144125,0.183813,0.0011333,0.00252453,0.497214,0.0104332,0.149785
img_02920.jpg,0.650625,0.0592665,0.0190313,0.00253038,9.18383e-05,0.254517,0.00473599,0.00920245
img_07434.jpg,0.020683,0.000739659,0.000565158,0.000159013,0.976615,0.000469565,0.000413964,0.000354526
img_05563.jpg,0.659745,0.0406987,0.00253842,0.00117617,0.000319894,0.214564,0.0178421,0.0631161
img_04127.jpg,0.0654246,0.00141003,0.000749524,0.00370287,0.00108547,0.593356,0.0174217,0.316849
img_01802.jpg,0.588568,0.0531715,0.00498442,0.00446797,0.180881,0.144173,0.00301894,0.0207353
img_03043.jpg,0.00228647,0.00608741,0.551955,0.00182318,0.00174546,0.356487,0.0235397,0.0560757
img_05074.jpg,0.131777,0.00183796,0.00145729,0.00104455,0.8552,0.0071165,0.000916331,0.000650437
img_03992.jpg,0.0293009,0.502716,0.0291922,0.00386427,0.307879,0.00415322,0.0109036,0.111991
img_03261.jpg,0.326945,0.246928,0.189006,0.113803,0.0262978,0.0413485,0.00523061,0.0504413
img_06189.jpg,0.783232,0.0465476,0.0155883,0.00677477,0.0543401,0.0661391,0.0134927,0.0138852
img_04726.jpg,1.52138e-05,0.0377333,0.00559003,0.000996358,0.910601,0.00230287,0.00290714,0.0398543
img_02291.jpg,0.768224,0.200191,0.0139468,0.000350984,0.00660936,0.00738972,0.00201405,0.00127468
img_04118.jpg,0.668132,0.10702,0.00191342,0.00356307,0.00164628,0.208229,0.00181444,0.00768197
img_06510.jpg,0.91979,0.00194432,0.000819962,0.000279179,0.0652032,0.00135467,0.000868535,0.0097397
img_03490.jpg,0.195709,0.230997,0.0288049,0.00658145,0.139999,0.0164782,0.00900578,0.372424
img_03801.jpg,0.916663,0.0111179,0.00110198,0.00220071,0.00304178,0.00109274,0.00184739,0.0629341
img_05792.jpg,0.962864,0.000422233,0.000171699,0.000584426,0.00630176,0.0217976,0.000158882,0.00769984
img_04261.jpg,0.69573,0.234437,0.00026594,0.0663987,0.00119956,0.000347455,0.00092353,0.000698059
img_00765.jpg,0.0603498,0.0176832,4.54933e-05,0.00207239,0.000107691,0.918403,0.000349577,0.000988328
img_04386.jpg,0.427057,0.0183542,0.0141253,0.00427489,0.0716063,0.408125,0.00237514,0.0540826
img_04705.jpg,0.000346793,0.0553488,0.655948,0.0019413,0.059367,0.00195032,0.00100587,0.224092
img_06401.jpg,0.0112537,0.000743003,0.00941578,0.00487618,0.966139,0.000620932,0.00158686,0.00536463
img_03439.jpg,0.728689,0.00416381,0.0107383,0.119344,0.0246578,0.101001,0.00535486,0.00605079
img_05603.jpg,0.729979,0.0816239,0.0429702,0.00699118,0.0627757,0.046115,0.0103204,0.0192242
img_04478.jpg,0.983184,0.00284416,0.0117739,0.00114071,0.000322581,0.000587405,0.000115583,3.12638e-05
img_00833.jpg,0.398862,0.00163568,0.000997554,0.00453595,0.00705088,0.151141,0.0541704,0.381606
img_00718.jpg,0.669413,0.000933135,0.00168967,0.00251461,0.00319091,0.311268,0.00579777,0.00519278
img_06059.jpg,0.000220209,0.000154952,7.23813e-05,0.000126231,0.999285,9.02477e-06,0.000131741,7.35109e-07
img_05139.jpg,0.000217497,0.00175776,0.176095,0.0112391,0.000376075,0.0474418,0.00517183,0.757701
img_04585.jpg,6.13156e-05,0.00125048,0.00123418,0.000371066,0.996768,2.96252e-05,8.87332e-05,0.000197105
img_02977.jpg,0.157439,0.405429,0.00297508,0.00195852,0.417257,0.00158896,0.00357741,0.00977489
img_01963.jpg,0.986705,0.00367426,4.23657e-05,0.000694231,0.0041894,0.00260132,0.0005033,0.00159045
img_05653.jpg,0.019595,0.747083,0.0101697,0.00282231,0.000718012,0.00937119,0.0934195,0.116821
img_07147.jpg,6.68466e-08,0.000230955,4.74233e-05,0.000105275,0.99955,4.81273e-05,1.10775e-05,7.5246e-06
img_02808.jpg,0.892146,0.0385172,0.00266062,0.00476103,0.00633411,0.0541444,0.000736555,0.00070006
img_02956.jpg,0.613328,0.0230458,0.00179435,0.00583127,0.00992111,0.0304999,0.0126422,0.302937
img_00582.jpg,0.522382,0.268433,0.0291954,0.0116194,0.0106135,0.134909,0.00309975,0.0197469
img_03711.jpg,0.804004,0.00542631,0.0383962,0.0105505,0.0784661,0.01421,0.00613219,0.0428148
img_02636.jpg,0.494811,0.0422777,0.00270284,0.00148246,0.361693,0.000535178,0.0872686,0.00922947
img_04830.jpg,0.764959,0.000880593,0.00251653,0.00670162,0.213582,0.00431485,0.00341383,0.00363194
img_05516.jpg,0.911089,0.0440935,0.00306309,0.000751106,0.00196148,0.0226543,0.00730591,0.00908159
img_04723.jpg,0.00146829,0.00270281,0.686751,0.00345591,0.00202508,0.00573204,0.00135106,0.296514
img_05828.jpg,0.952595,0.00172346,0.000136982,0.000989737,0.0401649,0.00355309,0.000681656,0.000154998
img_03078.jpg,0.297503,0.384007,0.1437,0.137269,0.001383,0.0323881,0.00363721,0.000111384
img_02638.jpg,0.438205,0.0955256,0.00307684,0.0027613,0.00127255,0.00443858,0.0231589,0.431561
img_01657.jpg,9.36463e-08,1.94599e-05,0.997303,0.000165245,3.05731e-05,0.000495189,9.52648e-05,0.00189106
img_07469.jpg,0.00293281,0.00737318,0.210162,0.00362143,0.000928102,0.0700758,0.00412578,0.700781
img_04013.jpg,0.000471899,0.605409,0.000589791,0.0271937,0.00128958,0.00479151,0.0113445,0.34891
img_04369.jpg,0.691044,0.0047066,0.00092296,0.00178685,0.00543944,0.291116,0.00340129,0.00158313
img_07505.jpg,0.9611,0.00416681,0.00200323,0.000875548,0.0204421,0.00325085,0.0004871,0.00767424
img_07330.jpg,0.9041,0.0148907,0.00168862,0.000470403,0.00450555,0.0100255,0.0127412,0.0515784
img_00170.jpg,0.642475,0.00198254,0.0125463,0.136401,0.0101334,0.184936,0.00476642,0.0067594
img_04546.jpg,0.00443096,0.145336,0.339231,0.000536113,0.000268372,0.116535,0.00267005,0.390991
img_07044.jpg,0.150431,0.00337444,0.0245507,0.00622978,0.00778468,0.000178378,0.0041844,0.803266
img_06860.jpg,0.0230583,0.0104398,0.000625385,0.00079433,0.960647,0.00236966,0.00023729,0.00182786
img_07818.jpg,0.955506,0.0143827,0.000275996,0.000673219,0.0231123,0.00338658,0.000255285,0.00240827
img_03454.jpg,0.708555,0.00278058,0.00801618,0.0179533,0.227352,0.0227172,0.0107156,0.00191013
img_03726.jpg,0.000536524,0.534891,0.000896886,0.0674436,0.0058011,0.00789974,0.0102591,0.372272
img_00212.jpg,0.000809139,0.000528512,4.29041e-05,0.00323332,3.35802e-05,0.00257318,0.000847821,0.991932
img_06663.jpg,0.00239216,0.00491646,0.0143967,0.941731,0.00101761,0.0198619,0.000911481,0.0147724
img_05276.jpg,5.73783e-05,0.0366472,0.00430673,0.00175169,0.929063,0.00663773,0.00113409,0.0204021
img_07594.jpg,0.139709,0.0116062,0.000694798,0.000676928,0.00627243,0.00108863,0.0091754,0.830777
img_01142.jpg,0.909748,0.000448032,0.0042997,0.00342714,0.0333112,0.00569833,0.0213115,0.0217556
img_01035.jpg,0.896998,0.00387774,0.00241256,0.00044909,0.00191371,0.092407,0.00178104,0.000161114
img_04554.jpg,0.948346,0.00141525,0.00203884,0.00180588,0.0214743,0.0023855,0.0196262,0.00290747
img_00543.jpg,0.986929,0.00572675,0.000100059,0.000197221,0.00302582,0.00146413,6.25501e-05,0.00249401
img_02769.jpg,0.00246574,0.0192109,0.82915,0.00133683,0.00146779,0.00746449,0.00283299,0.136071
img_03210.jpg,6.16922e-05,0.00523142,0.00481633,0.00179824,0.000152734,0.00158981,0.000884982,0.985465
img_02679.jpg,0.0704071,0.132741,0.16151,0.0121309,0.254663,0.000617198,0.0182522,0.349679
img_03199.jpg,0.815057,0.0277013,0.000723605,0.00202888,0.0050617,0.0037531,0.0235389,0.122136
img_07110.jpg,0.821013,0.0027665,0.00272058,0.00190998,0.00545258,0.156778,0.00468519,0.00467375
img_05718.jpg,0.00079068,0.444919,0.00143668,0.0957183,0.00649283,0.0209054,0.0104208,0.419317
img_07623.jpg,0.846326,0.0258677,0.00219341,0.00243431,0.10102,0.000417025,0.00336444,0.0183774
img_02889.jpg,0.772956,0.00866893,0.0117547,0.0890261,0.0672034,0.00712813,0.00734804,0.0359151
img_04860.jpg,0.963727,0.0010361,0.000586065,0.00804249,0.0141241,0.00684037,0.00257571,0.0030684
img_04856.jpg,0.854092,0.00441947,0.0138723,0.0190693,0.0435375,0.0192155,0.00778252,0.0380118
img_02865.jpg,0.0291465,0.952308,8.73383e-05,0.000111393,0.0107042,0.000144867,0.00113454,0.00636289
img_04990.jpg,0.0103179,0.0036055,0.000314416,0.000491038,0.000637843,0.000174522,0.166948,0.81751
img_07137.jpg,0.85365,0.0257877,0.0102881,0.00793471,0.0552591,0.00520954,0.010424,0.0314466
img_00289.jpg,0.533121,0.00186872,0.000308779,0.00196192,0.458893,0.00165014,0.00100428,0.00119228
img_00575.jpg,0.613548,0.0036246,0.00113106,0.00185326,0.0244762,0.0979175,0.10874,0.14871
img_04408.jpg,0.505409,0.256578,0.0015673,0.196067,0.00474946,0.00277708,0.0108265,0.0220256
img_05433.jpg,0.531473,0.00102252,0.000733068,0.00277445,0.0114323,0.442718,0.000449458,0.00939727
img_03260.jpg,0.902212,0.00426802,0.00304262,0.00332117,0.0340888,0.0401455,0.0032124,0.00970954
img_05292.jpg,0.652442,0.00403279,0.00130218,0.000576978,0.00661021,0.305588,1.65171e-05,0.0294319
img_04661.jpg,0.832773,0.0406297,0.00335187,0.00337699,0.00614283,0.110177,0.00225485,0.00129429
img_02726.jpg,0.157795,0.030408,0.120303,0.0174915,0.552955,0.119477,0.000891869,0.000679451
img_04752.jpg,0.211112,0.00335445,0.00957485,0.51567,0.00099947,0.250836,0.00831825,0.000135022
img_07689.jpg,0.00598376,0.00285575,0.03839,0.931511,0.00426391,0.0055537,0.000504069,0.0109378
img_07065.jpg,0.000581012,0.578036,0.000742412,0.0258611,0.000829322,0.00569812,0.00811092,0.380141
img_05236.jpg,0.482443,0.10253,0.00513661,0.00359054,0.00296203,0.189546,0.000258548,0.213533
img_00018.jpg,0.905245,0.000606265,0.00116447,0.00236934,0.00121726,0.0549397,0.00279829,0.0316597
img_00005.jpg,0.00193851,8.06258e-05,0.000440877,0.000163925,0.996487,6.43549e-05,0.000793164,3.18751e-05
img_05038.jpg,0.860665,0.0105156,0.00159733,0.00065083,0.00590682,0.00502238,0.00733151,0.10831
img_02646.jpg,0.000355251,0.00422449,0.000911321,0.000785614,0.000816716,0.0920466,0.00307586,0.897784
img_05341.jpg,0.876086,0.00721464,0.00186689,0.00146066,0.0961458,0.00891964,0.00116712,0.0071392
img_06549.jpg,0.963435,0.00525639,0.000472843,0.000829088,0.0011359,0.0254413,0.00280176,0.000628019
img_06684.jpg,0.982454,0.00388142,0.000272433,0.000284221,0.000132166,0.0111219,0.00108565,0.000768515
img_05410.jpg,0.000190037,0.00381699,0.0690368,0.000821727,0.000475306,0.0323455,0.00253404,0.89078
img_03892.jpg,0.0543271,0.00898187,0.00634806,0.00193091,0.00822106,0.664152,0.0686721,0.187367
img_00538.jpg,0.876299,0.00173548,0.00463606,0.026046,0.00119027,0.00761435,0.0177883,0.0646904
img_00664.jpg,0.988657,0.00197738,0.00278326,9.11647e-05,0.00598431,0.000357102,7.0423e-05,7.88704e-05
img_05459.jpg,0.320944,0.2185,0.0358714,0.0253142,0.0128388,0.0364317,0.00526555,0.344834
img_04921.jpg,0.180707,0.00146225,0.00975562,0.00488833,0.0551568,0.644744,0.0917161,0.0115702
img_05673.jpg,0.726992,0.0989396,0.0311226,0.00517086,0.0291268,0.100159,0.00362684,0.00486243
img_04004.jpg,0.745618,0.00385748,0.00747383,0.00334956,0.00963972,0.204123,0.00357202,0.0223659
img_05439.jpg,0.965061,0.000719997,0.000436321,0.00521611,0.0166464,0.00511417,0.00348254,0.00332303
img_05682.jpg,0.0509148,0.00653772,0.00333363,0.00823682,0.020521,0.124815,0.0527275,0.732914
img_01995.jpg,0.00588252,0.234758,0.0023142,0.118781,0.00563103,0.0784303,0.00984673,0.544356
img_01669.jpg,0.0875967,0.0105263,0.0783299,0.781358,0.00848658,0.0326614,0.000870379,0.000170392
img_05568.jpg,0.784994,0.100556,0.000897251,0.0102971,0.0729655,0.00282985,0.00288952,0.0245706
img_06909.jpg,0.868835,0.10599,0.0167454,0.00369105,0.00100183,0.00268145,0.000699369,0.000356419
img_00442.jpg,2.45588e-06,0.000344851,0.00192943,0.000136074,1.16194e-06,0.000872558,0.000166909,0.996547
img_06099.jpg,0.458483,0.114483,0.0130314,0.00271974,0.379653,0.00614679,0.00602762,0.0194555
img_03238.jpg,0.805422,0.00294123,0.000709398,0.00265611,0.0187421,0.0966029,0.00271462,0.0702115
img_06324.jpg,0.614468,0.045103,0.00612686,0.0453539,0.00397326,0.234838,0.00625009,0.043887
img_02372.jpg,0.00291513,0.000169243,0.000175522,0.000499337,0.994667,0.000416935,0.00080479,0.000352352
img_01724.jpg,0.849931,0.00230736,0.0062834,0.00230249,0.0109383,0.116427,0.00718058,0.00463037
img_00724.jpg,0.0722196,0.0164806,0.0060021,0.0577201,0.0115172,0.0372804,0.517885,0.280895
img_00837.jpg,0.782827,0.0453948,0.00723219,0.0157165,0.103625,0.0274097,0.0137769,0.0040176
img_02347.jpg,0.21328,0.00843326,0.00857364,0.00254232,0.692758,0.00851256,0.00854449,0.0573551
img_04586.jpg,0.94728,0.0351458,0.00751902,0.00451947,0.000924129,0.00372077,0.000504197,0.000386814
img_00141.jpg,2.2001e-05,0.00107006,0.00279288,0.000407393,4.05588e-05,0.000235428,0.000310743,0.995121
img_03584.jpg,0.000339158,0.0610843,0.0153541,0.00299839,0.0716619,0.000272846,0.00084933,0.84744
img_01745.jpg,0.890848,0.000192536,0.0644324,0.0204657,0.00442926,0.00914867,0.00102942,0.00945444
img_05525.jpg,0.683874,0.0437775,0.0267194,0.00352955,0.130526,0.0766389,0.0330861,0.00184841
img_00591.jpg,0.136969,0.00228929,0.000813738,0.00112421,0.00207433,0.243915,0.00218036,0.610634
img_01373.jpg,0.178333,0.000579927,0.00165294,0.000823008,0.798709,0.018001,0.00166413,0.000237024
img_03457.jpg,0.939344,0.00247716,0.0015811,0.00116688,0.00432402,0.0465947,0.0011019,0.00341061
img_04268.jpg,0.906701,0.000441471,0.000233597,0.000340129,0.0220529,0.0631043,0.000149565,0.00697705
img_06698.jpg,0.607833,0.00102203,0.000803964,0.00299426,0.0178325,0.347211,0.00032479,0.0219782
img_06946.jpg,0.876934,0.0136334,0.000612508,0.000383054,0.006987,0.0227522,0.000457199,0.0782402
img_06440.jpg,0.295524,0.00187277,0.00112368,0.00117912,0.0250373,0.641376,0.0267138,0.0071734
img_02416.jpg,0.32046,0.228801,0.0323381,0.00700408,0.199724,0.0218897,0.00721368,0.18257
img_03440.jpg,3.477e-05,0.0779015,0.12635,0.00168041,0.00479266,0.000330053,0.000462398,0.788448
img_05488.jpg,0.85968,0.00527254,0.00643428,0.0127972,0.00308278,0.0986006,0.013678,0.000454302
img_00533.jpg,0.662001,0.103759,0.00649785,0.00698401,0.00804442,0.0092817,0.0161907,0.187242
img_00618.jpg,0.735655,0.00738866,0.00167428,0.00384723,0.214804,0.0257415,0.005477,0.00541284
img_06037.jpg,0.30256,0.00939991,0.0199092,0.00762024,0.0717706,0.0971546,0.462088,0.0294972
img_04037.jpg,0.759797,0.0166725,0.0274136,0.0028432,0.109629,0.0598777,0.00969336,0.0140734
img_04101.jpg,0.884673,0.0112977,0.00484854,0.00058692,0.00093904,0.0936059,0.0033448,0.000704353
img_03297.jpg,0.982739,0.0026528,0.0017745,0.0023551,0.0062962,0.00240442,0.000859514,0.000918483
img_05612.jpg,0.916576,0.0475473,0.00245249,0.00219835,0.00752886,0.0227018,0.000498022,0.000497334
img_05489.jpg,0.399116,0.456256,0.0378255,0.00721918,0.00224989,0.0947242,0.00247629,0.000133534
img_01853.jpg,0.0278425,0.00103952,0.000228761,0.000724867,0.000698192,0.00569783,0.000889394,0.962879
img_01505.jpg,0.00692646,0.950683,0.000123761,0.000121983,0.0201258,4.15096e-05,0.00184046,0.0201373
img_05558.jpg,0.872242,0.0139858,0.00085489,0.00017459,0.00144407,0.00407694,0.000147034,0.107075
img_00417.jpg,0.000583059,0.000611721,0.000104113,0.0184906,5.28597e-05,0.0062151,0.00590563,0.968037
img_04520.jpg,0.353462,0.106,0.0362865,0.00974099,0.108375,0.0224524,0.253442,0.110242
img_01984.jpg,0.0568382,0.0709042,0.0142095,0.00241838,0.000352278,0.00122033,0.00242383,0.851633
img_05948.jpg,0.220686,0.000592944,7.24034e-05,0.000640671,0.00465412,0.637054,0.133149,0.00315011
img_01874.jpg,0.419341,0.00068394,0.000228503,0.000527985,0.0278008,0.535623,0.00679785,0.00899698
img_07187.jpg,0.984479,0.00207975,0.000194926,0.000268028,0.0118004,0.000102172,0.000200587,0.000875112
img_03674.jpg,0.000698866,9.84674e-05,8.54858e-05,8.87375e-05,0.998228,2.20192e-05,0.000755431,2.28485e-05
img_02899.jpg,0.943332,0.00192748,0.0017239,0.0315792,0.00155746,0.0169984,0.0027486,0.00013333
img_06756.jpg,0.962628,0.00140932,0.000560852,0.00382056,0.0202706,0.00578403,0.00455898,0.000968073
img_04375.jpg,0.00181315,0.000123883,0.000459586,0.000279896,0.996617,9.27143e-05,0.000249218,0.000364549
img_02666.jpg,0.991104,0.000676371,0.000164757,5.30464e-05,0.00572414,0.000262021,0.000598326,0.00141731
img_01856.jpg,0.965333,0.00545098,0.000181071,0.000510711,0.00753463,0.00725413,0.000783203,0.0129527
img_03809.jpg,0.92025,0.0116221,0.00182361,0.00464591,0.00656569,0.00930659,0.0320698,0.0137165
img_02709.jpg,0.66935,0.00664032,0.0113317,0.118959,0.0391545,0.00716124,0.00682042,0.140583
img_05026.jpg,0.632194,0.0228168,0.000759343,0.000560209,0.00258516,0.0812032,0.000272659,0.259609
img_05445.jpg,0.961244,0.00212834,0.000665552,0.00409859,0.0175397,0.0117477,0.00166302,0.000913195
img_06962.jpg,0.12725,0.0137845,0.0235244,0.00490079,0.00137958,0.242096,0.42253,0.164535
img_05794.jpg,0.981281,0.00400314,0.00127818,0.000346745,0.00157949,0.00774697,0.000987963,0.00277667
img_07436.jpg,0.0155624,0.00407487,0.00505863,0.00201279,0.000759012,0.466247,0.397908,0.108377
img_03310.jpg,0.844227,0.0106778,0.00593292,0.0111194,0.0110067,0.115296,0.00120025,0.000539759
img_06849.jpg,0.186088,0.141956,0.00226526,0.00450326,0.0177136,0.00190967,0.0180299,0.627535
img_04719.jpg,0.427477,0.00111046,0.000578879,0.0027296,0.393124,0.157974,0.00431864,0.0126871
img_03715.jpg,0.025698,0.0115104,0.0269168,0.911128,0.00631182,0.00498522,0.00343908,0.0100108
img_05137.jpg,0.666043,0.00797574,0.00162109,0.00850487,0.017225,0.198144,0.00288406,0.0976021
img_07304.jpg,0.729723,0.0215263,0.0267244,0.00927384,0.129661,0.0673086,0.0119828,0.00380038
img_05095.jpg,0.846282,0.126025,0.00969177,0.00294273,0.000548995,0.00659736,0.000765364,0.00714665
img_01043.jpg,0.00760008,0.000111279,0.000473991,0.000213303,0.9909,0.000277243,0.000391425,3.22676e-05
img_07583.jpg,0.597082,0.0243452,0.00584604,0.0243607,0.13554,0.0386264,0.116084,0.0581158
img_06832.jpg,0.681664,0.0116445,0.123544,0.0726146,0.00398409,0.0865071,0.00951503,0.0105266
img_03527.jpg,6.67225e-07,0.000683612,0.24007,0.000804918,1.96155e-05,0.00152482,0.000156392,0.75674
img_04879.jpg,0.0163558,0.0145901,0.00139504,0.0134576,0.0310199,0.921856,0.000930085,0.000395301
img_06690.jpg,0.00056689,0.00125807,0.181298,0.0152003,0.00115128,0.047248,0.0035115,0.749766
img_03254.jpg,0.28434,0.00238831,0.000877821,0.00163918,0.0399497,0.605939,0.0606053,0.00426062
img_07906.jpg,0.00242364,0.0184394,0.799965,0.000694756,0.00189586,0.0309252,0.00348784,0.142168
img_04712.jpg,0.0339043,0.0121172,0.221513,0.0168393,0.3128,0.0912428,0.00668636,0.304897
img_00380.jpg,0.900607,0.0467472,0.0153494,0.00794921,0.0193002,0.0027311,0.00320058,0.00411583
img_03074.jpg,0.982135,0.00391154,0.000997882,0.0017666,0.000469969,0.00433278,0.00560385,0.000782477
img_01198.jpg,0.232459,0.00638865,0.00749176,0.00201517,0.705623,0.0119019,0.00702084,0.0271003
img_01237.jpg,0.00437687,0.000349819,0.000530591,0.000926306,0.989684,0.000440192,0.00195358,0.00173896
img_05251.jpg,0.505844,0.0452627,0.00514978,0.00736702,0.0168656,0.0375677,0.168129,0.213814
img_07538.jpg,0.0245849,0.013523,0.0117453,0.00659914,0.00113114,0.303477,0.345888,0.293051
img_04496.jpg,0.966618,0.00237601,8.82655e-05,0.000581335,0.00261214,0.001556,0.000481569,0.0256871
img_00876.jpg,0.0981148,0.862565,0.000633043,0.000532103,0.0139252,8.83915e-05,0.000673628,0.0234683
