image,ALB,BET,DOL,LAG,NoF,OTHER,SHARK,YFT
img_01444.jpg,0.593565,0.254932,0.00194489,0.000225026,0.00289403,0.143253,0.000921428,0.00226361
img_03140.jpg,0.965911,0.0147207,0.00206172,0.000618475,0.00709945,0.00347147,0.00262265,0.00349427
img_03290.jpg,0.256305,0.00212593,0.000552181,0.000546026,0.00147406,0.187782,0.00546273,0.545751
img_05064.jpg,0.826836,0.0292315,0.0216446,0.00840911,0.0278824,0.0115555,0.00696149,0.0674793
img_06642.jpg,0.00275984,0.00940267,9.78633e-05,0.000324566,0.000103539,7.30007e-05,9.91167e-06,0.987229
img_07143.jpg,0.000508902,9.35178e-06,4.80612e-05,5.99882e-06,0.999358,1.57037e-06,6.6803e-05,1.08919e-06
img_02602.jpg,0.890245,0.0248784,0.00743939,0.0014686,0.054074,0.00796313,0.00996211,0.00396934
img_01538.jpg,0.903049,0.0055658,0.000583167,0.000346059,2.49668e-05,0.0881987,0.00185949,0.000372297
img_02159.jpg,0.066569,0.0027681,0.00178123,0.0168986,0.911448,0.000190338,0.000314894,2.947e-05
img_06807.jpg,0.135573,0.00264802,0.000250889,0.0012409,0.831166,0.00307691,0.0254933,0.000551046
img_06845.jpg,0.255155,0.19739,0.0510381,0.0141155,0.00606521,0.00449937,0.136589,0.335148
img_02734.jpg,0.719281,0.195905,0.0196785,0.0027924,0.0111151,0.0356799,0.0023468,0.0132005
img_02702.jpg,0.997874,3.52044e-05,3.53029e-05,3.74628e-05,0.000671527,0.000437277,0.000111795,0.000797633
img_02231.jpg,0.580236,0.013997,0.00437709,0.0562904,0.275973,0.0482104,0.0156152,0.00530019
img_07371.jpg,0.000743382,0.00985848,0.761108,0.000998884,0.000418765,0.00918439,0.00172465,0.215963
img_01562.jpg,0.00126663,0.00298547,0.000185925,0.000261499,0.000168758,5.51734e-05,0.042728,0.952349
img_07908.jpg,0.420535,0.014656,0.0143597,0.112201,0.0449005,0.00456748,0.0175287,0.371251
img_05156.jpg,0.60976,0.000763553,0.000149986,0.000644901,0.00847246,0.376652,0.00223419,0.00132248
img_06555.jpg,0.587505,0.0320262,0.0205407,0.19485,0.0500138,0.0310128,0.00287906,0.0811725
img_04323.jpg,0.0655466,0.00157536,0.000143936,0.000777556,0.909574,0.00157159,0.0204582,0.000353232
img_02838.jpg,0.869443,0.0245656,0.000887852,0.0141052,0.0870603,0.000679882,0.000251414,0.00300663
img_06800.jpg,0.000414926,5.23895e-05,0.000812978,0.0102654,0.988022,7.66849e-05,0.00015843,0.000197611
img_06003.jpg,0.828875,0.0284209,0.00213603,0.00264343,0.00949229,0.00932599,0.0152861,0.103821
img_01966.jpg,0.940543,0.0574376,0.000415502,0.000367092,0.000199737,0.000207477,0.000610355,0.000219592
img_01426.jpg,0.450051,0.236372,0.00042014,0.00145117,7.19171e-05,0.0450186,0.038736,0.227879
img_01688.jpg,0.453829,0.0905696,0.00333363,0.00328785,0.0166152,0.1501,0.0669467,0.215318
img_01031.jpg,0.788763,0.0197944,0.103456,0.00790035,0.000668302,0.0672524,0.00785584,0.00431013
img_04237.jpg,3.42082e-05,0.998921,4.48233e-05,0.000387849,2.17804e-05,0.000323082,7.71329e-05,0.000190575
img_06947.jpg,0.000485545,0.0021148,0.000933036,0.00141481,0.971583,0.00121162,0.000959569,0.0212971
img_06186.jpg,0.945889,0.0115861,0.0107454,0.00340461,0.0155577,0.00875776,0.00293664,0.00112333
img_02398.jpg,0.824292,0.00106379,0.000141457,0.00273731,0.0626976,0.0573151,0.00277274,0.04898
img_06294.jpg,0.996901,0.00234381,1.04151e-05,3.99623e-05,0.000196678,0.000499569,1.83878e-06,7.07678e-06
img_07910.jpg,0.997393,0.0014757,0.000398936,1.29675e-05,0.000356502,0.000310619,2.7155e-05,2.50885e-05
img_05284.jpg,0.562485,0.370082,0.000627424,0.00273979,0.00247683,0.00814399,0.0125501,0.040895
img_05209.jpg,0.963648,0.0169713,0.008538,0.00350871,0.00338932,0.000719206,0.000442761,0.00278272
img_00102.jpg,0.688821,0.0647846,0.00164074,0.00379361,0.00309931,0.166989,0.00105108,0.0698201
img_07616.jpg,0.70385,0.0496453,0.0224439,0.0119998,0.0323801,0.0258931,0.00709833,0.146689
img_06616.jpg,0.369635,0.0242472,0.00775926,0.00507881,0.233504,0.231173,0.00329635,0.125307
img_07192.jpg,0.606382,0.00326622,0.00523287,0.00068725,0.366302,0.00210784,0.000777208,0.0152447
img_04888.jpg,0.992793,0.00162002,9.45683e-05,0.00014803,0.00117146,0.000249739,0.000123563,0.00379923
img_00375.jpg,0.179927,0.124368,0.286842,0.106265,0.289565,0.0116725,0.00130793,5.26687e-05
img_03283.jpg,0.000453112,0.00307116,0.012052,0.032949,1.32291e-05,0.00199285,0.00026239,0.949206
img_01511.jpg,0.945974,0.000256429,0.000800319,0.000540954,0.00382534,0.0474384,0.00111792,4.6795e-05
img_01552.jpg,0.999087,0.000283778,5.40431e-05,7.70453e-06,0.00019689,0.000321097,3.75096e-05,1.22498e-05
img_03670.jpg,0.708029,0.00219081,0.0300156,0.0168415,0.2179,0.00572833,0.0109906,0.00830445
img_05950.jpg,0.977285,0.00826148,0.00650093,0.000118812,0.00105734,0.00594581,0.000753559,7.7461e-05
img_06475.jpg,0.667976,0.0160123,0.0020717,0.00467584,0.0114281,0.126424,0.013572,0.15784
img_03588.jpg,0.0161008,8.29912e-05,0.000166694,0.00113028,0.0102889,0.925244,0.0459716,0.00101441
img_03974.jpg,0.644537,0.000592392,0.00332315,0.00033465,0.343402,0.00416729,0.000479793,0.00316411
img_04640.jpg,0.851869,0.00221072,0.00105692,0.00164316,0.0332611,0.109414,8.82401e-05,0.000456807
img_00280.jpg,0.476453,0.00158116,0.00230104,0.00135444,0.512106,0.00078916,0.000807872,0.00460728
img_03548.jpg,0.384463,0.0401997,0.00849462,0.00943306,0.00780973,0.0269219,0.0899252,0.432753
img_07833.jpg,0.935674,0.0217348,0.000802462,0.000582662,0.00794973,0.011891,0.00717258,0.0141925
img_07543.jpg,0.00130849,0.000634381,1.48249e-05,1.97513e-05,0.997995,2.01781e-06,1.43653e-05,1.08933e-05
img_02890.jpg,0.289088,0.054618,0.00689559,0.0055738,0.0017692,0.6371,0.00485359,0.00010142
img_00484.jpg,0.448075,0.128951,0.0600451,0.0417329,0.00430529,0.00234838,0.186538,0.128003
img_01627.jpg,0.971564,0.000234745,0.000172249,7.54751e-05,7.87949e-06,0.0272712,0.000587855,8.6937e-05
img_07278.jpg,0.997267,0.00107843,2.70532e-05,5.22657e-05,0.000851598,0.0004592,1.10132e-05,0.000253514
img_03116.jpg,1.3035e-05,0.0210507,0.0344424,0.00169809,0.761617,4.51997e-05,0.000988622,0.180145
img_02307.jpg,0.255167,0.220617,0.00360815,0.00524695,0.189168,0.0197375,0.0192927,0.287163
img_05085.jpg,0.315461,0.00387158,0.00555395,0.00933803,0.538804,0.0012021,0.00563579,0.120133
img_05393.jpg,0.475085,0.091434,0.000645973,0.00492578,2.04498e-05,0.0606719,0.0715408,0.295676
img_05654.jpg,0.954363,0.00022439,0.000103412,0.00410897,5.22268e-06,0.0397877,0.00111615,0.000290814
img_07921.jpg,0.00213798,0.000104921,1.69608e-06,0.000146318,1.61465e-05,0.997383,3.03288e-05,0.000179519
img_05440.jpg,0.984299,0.00657033,0.00181548,0.00389028,0.00230352,0.000698697,0.000152931,0.000269282
img_04272.jpg,0.828835,0.00203635,0.000696274,0.000172199,0.0220476,0.00368567,0.00124592,0.141281
img_07792.jpg,0.159593,0.638784,0.00941095,0.00318323,0.0119712,0.132975,0.000284654,0.0437984
img_00921.jpg,0.539261,0.00669711,0.00272638,0.00467646,0.146477,0.182534,0.00819278,0.109435
img_02651.jpg,0.99825,0.000110905,0.000364875,1.71093e-05,0.00116387,2.15761e-05,5.22144e-06,6.67417e-05
img_04263.jpg,0.957657,0.000338621,5.32031e-05,0.00024496,0.0402586,0.00118621,0.000168576,9.30583e-05
img_02546.jpg,0.20014,0.18924,0.0123649,0.0101763,0.0958506,0.00456417,0.027999,0.459665
img_03239.jpg,7.96683e-09,1.80038e-05,6.16257e-07,2.80776e-06,9.66543e-07,5.99304e-06,0.999963,8.38159e-06
img_07045.jpg,0.629413,0.0032387,0.000770768,0.000481348,0.234471,0.000123423,0.0019927,0.129509
img_00587.jpg,0.666299,0.254487,0.00399249,0.00151513,0.0078319,0.0361834,1.07445e-05,0.0296804
img_01983.jpg,0.354876,0.00721543,0.0128276,0.0100632,0.391662,0.222524,0.000538533,0.00029361
img_05743.jpg,0.271516,0.190797,0.0333015,0.00586768,0.00400906,0.48044,0.0136772,0.000392139
img_02066.jpg,0.497442,0.0180392,0.0124846,0.01466,0.210955,0.161011,0.0101575,0.0752516
img_02252.jpg,0.746209,8.69133e-05,0.000188162,0.000181184,0.246922,1.06e-05,0.000255557,0.00614616
img_06426.jpg,0.873233,0.00600345,0.000770195,0.000519547,0.0135459,0.000634762,0.00180381,0.10349
img_05548.jpg,0.975637,8.0703e-05,0.000227905,0.00251795,5.28011e-06,0.0210841,0.000403975,4.34824e-05
img_07213.jpg,0.238429,0.281936,0.241045,0.0111984,0.0768929,0.126669,0.0194625,0.00436703
img_02281.jpg,0.000431504,0.00677222,0.0242824,0.95806,0.00254186,0.000251443,0.000192526,0.00746794
img_03069.jpg,0.042827,0.173071,0.00383181,0.255428,0.000858262,0.0558594,0.00483336,0.463291
img_06203.jpg,0.664601,0.0156135,0.00234314,0.000931481,0.0946257,0.0126417,0.0999425,0.109301
img_04642.jpg,0.410593,0.00235112,0.000160581,0.000510921,0.583062,0.00188823,0.000327568,0.00110733
img_05835.jpg,0.810062,0.0566173,0.00475922,0.0159236,0.108335,0.0012231,0.000291123,0.00278843
img_06658.jpg,0.120021,0.00196671,0.000412328,0.00132542,0.000210781,0.407444,0.00586132,0.462759
img_03602.jpg,0.145414,0.00437781,0.00225213,0.00148338,0.0810163,0.698372,0.0659373,0.00114643
img_06902.jpg,0.546188,0.000774502,0.00265009,0.00559254,0.399742,0.000359332,0.00206361,0.0426302
img_07068.jpg,0.13092,0.419853,0.00754545,0.0018405,0.00540383,0.0270831,0.0768013,0.330552
img_05293.jpg,0.000214142,0.223829,0.000560281,0.392738,0.00151435,0.0381621,0.0216054,0.321377
img_03471.jpg,0.000246911,8.66295e-05,0.00226156,0.980039,7.61151e-05,0.000259351,0.000854706,0.0161762
img_01102.jpg,0.414,0.078848,0.109365,0.0420288,0.112025,0.000224102,0.00943013,0.234079
img_00483.jpg,0.991777,0.000858874,0.000149326,0.00016718,0.00322348,0.000161249,0.000428396,0.00323418
img_04044.jpg,0.940607,0.000954655,0.00763062,0.00726203,0.0353299,0.00103843,0.00334546,0.00383147
img_01388.jpg,0.78468,0.0247828,0.000774247,0.00064816,0.00253115,0.183226,0.000819087,0.0025384
img_07094.jpg,0.995319,0.000663478,0.000283543,0.000134448,0.00102613,3.96449e-05,0.000176127,0.00235816
img_02074.jpg,0.882922,0.0483664,0.00146413,0.0562638,0.00351818,0.00676334,0.000242077,0.000459617
img_03312.jpg,0.974775,0.00267337,0.000314183,0.000242525,6.36119e-06,0.0180558,0.000971927,0.00296067
img_05640.jpg,0.944853,0.00336206,0.00206528,0.00107831,0.0390215,0.00180221,0.0012963,0.00652115
img_01204.jpg,0.000757302,0.958696,0.000379242,0.000532609,0.0040195,5.13779e-05,0.000113029,0.0354509
img_05915.jpg,0.00012809,0.0012607,0.589089,0.000524172,8.93977e-05,0.0111359,0.00204947,0.395723
img_02556.jpg,0.625993,0.0847916,0.00119681,0.000493976,0.00141174,0.000673534,0.000102234,0.285337
img_04410.jpg,0.576222,0.0445304,0.104577,0.12339,0.0215073,0.111274,0.0035197,0.0149798
img_01059.jpg,0.562302,0.0208571,0.000495268,0.000719796,0.00117125,0.170682,0.0704709,0.173301
img_07060.jpg,0.250446,0.0595945,0.0397809,0.00677577,0.000139595,0.205251,0.00895413,0.429058
img_05211.jpg,0.47836,0.116056,0.002887,0.00734973,0.130477,0.00751462,0.00673562,0.25062
img_02974.jpg,0.883716,0.00227096,0.000261631,0.00192244,0.0948933,0.000278855,0.00035694,0.0162999
img_03866.jpg,0.720981,0.00773432,0.000398088,0.00505145,0.0238397,0.19499,0.00394775,0.0430581
img_00948.jpg,0.141435,0.00297857,0.00564691,0.012389,0.623821,0.00123786,0.00849359,0.203998
img_02299.jpg,0.260479,0.258313,0.0498241,0.0360414,0.000144361,0.224383,0.00564861,0.165166
img_06611.jpg,2.10663e-05,0.0365246,0.294908,0.00427287,0.0554404,0.000745715,0.00101138,0.607076
img_01976.jpg,0.981916,0.000275337,1.95503e-05,0.000191508,0.000174389,0.000479996,0.000107707,0.0168354
img_02522.jpg,0.955046,0.00292477,0.0017086,0.00817588,0.0231643,0.00266229,0.00279189,0.0035263
img_07146.jpg,0.0467731,0.000454365,0.000261312,0.000986356,0.939262,0.000460903,0.0107294,0.00107224
img_02194.jpg,0.964084,0.000111757,4.49348e-05,5.24333e-05,0.0331516,0.00243364,6.05665e-05,6.1103e-05
img_01955.jpg,3.77138e-05,1.13785e-05,0.000200419,2.93685e-05,5.38839e-05,3.80991e-05,0.000227404,0.999402
img_00120.jpg,0.0164979,0.00691936,0.000191322,0.000388539,0.000386103,0.000127191,0.0516906,0.923799
img_04156.jpg,0.552766,0.0129294,0.202438,0.00889731,0.0129901,0.141802,0.0220955,0.0460817
img_00053.jpg,0.949105,0.000425265,0.00418178,0.00633579,0.0120046,0.000221551,0.00814579,0.0195803
img_01366.jpg,0.128147,0.173389,0.0371961,0.00597021,0.0021239,0.645314,0.00773991,0.000119772
img_02857.jpg,0.146223,0.0605394,0.00321289,0.000974545,0.7792,0.00293653,0.00421831,0.00269495
img_06147.jpg,0.369763,0.0756685,0.00655146,0.0226622,0.0051478,0.00864674,0.19724,0.314321
img_01646.jpg,0.9602,0.00245101,0.00282363,0.026899,0.000644763,0.00109566,0.00574229,0.000143338
img_00493.jpg,0.162268,0.0669962,0.0306344,0.0347871,0.655963,0.0465973,0.00115628,0.0015984
img_04306.jpg,0.993215,0.00153135,0.000357035,0.000232107,3.43775e-05,7.92136e-05,0.000265248,0.004286
img_03333.jpg,0.487387,0.00327345,0.000437245,0.0012035,0.00903285,0.44278,0.0496333,0.00625308
img_01413.jpg,0.95581,0.000731171,0.000785396,0.00160137,0.0387339,0.000684841,0.000363566,0.00128935
img_00894.jpg,0.187706,0.010978,0.0238131,0.000938627,0.629107,0.00169907,0.0011132,0.144645
img_00667.jpg,0.000974678,0.967375,0.0002173,0.000415013,0.00153131,8.01722e-05,5.58155e-05,0.0293503
img_05046.jpg,0.188388,0.2026,0.00376874,0.00706573,0.305898,0.0186878,0.0170362,0.256556
img_04425.jpg,0.893912,0.0506973,0.00102121,0.00126651,0.00388344,0.00135503,0.00084807,0.0470166
img_02789.jpg,0.0108031,9.48001e-05,0.00141793,0.000325052,0.94917,0.000412698,0.0377674,8.81264e-06
img_05508.jpg,0.764248,0.00142899,0.00111539,0.0021184,0.00277961,0.000619262,0.00156257,0.226128
img_04257.jpg,0.292014,0.00412018,0.000394302,0.000801945,0.701271,0.000386601,0.000195062,0.000817139
img_07467.jpg,0.993214,0.00149242,2.5642e-05,0.000122033,0.00406202,0.000440962,3.64225e-05,0.000606478
img_03847.jpg,0.0428198,0.382484,0.0021042,0.0928484,0.0156393,0.402825,0.00277069,0.058509
img_00914.jpg,0.000857548,0.0128617,0.0278057,0.00129324,0.0087486,0.0110367,0.00296771,0.934429
img_04415.jpg,0.697356,0.00352564,0.00275655,0.0031138,0.0656796,0.071221,0.0463482,0.109999
img_01537.jpg,0.984419,0.000281975,0.000328254,0.000298334,0.00178837,0.0120137,0.000548376,0.000322107
img_07156.jpg,0.548825,0.000298031,0.00135314,0.000307882,0.000627281,0.444163,0.00429676,0.000129272
img_05021.jpg,0.00136622,1.52255e-05,2.93447e-06,2.26669e-05,0.998211,1.60338e-05,0.000354656,1.15118e-05
img_00855.jpg,0.879306,0.000510816,0.0558681,0.0185097,0.00188086,0.00560625,0.00224675,0.0360715
img_03370.jpg,0.997453,9.73158e-05,3.14232e-06,1.59158e-05,3.32979e-05,0.000307306,1.40415e-06,0.0020881
img_07508.jpg,0.34433,0.102334,0.054796,0.0182458,0.129212,0.0155554,0.265978,0.0695482
img_02699.jpg,0.38199,0.00173016,0.00154866,0.00499887,0.511955,0.00188313,0.0116023,0.0842922
img_05754.jpg,0.218536,0.00232011,0.0217541,0.00709052,0.080329,0.58298,0.0812141,0.00577653
img_05768.jpg,0.00026007,0.00163424,0.000300467,0.000334653,8.31798e-05,8.77977e-05,0.0695312,0.927768
img_07173.jpg,0.000669074,0.000128774,8.45684e-06,0.00115797,5.63501e-06,0.000309075,0.000213587,0.997507
img_02422.jpg,0.73679,0.195853,0.0030395,0.00254836,0.00435618,0.0472116,0.000454755,0.00974584
img_07757.jpg,0.20011,0.00210538,0.00915528,0.00144993,0.761119,0.00142928,0.00382004,0.0208111
img_07183.jpg,0.000135194,0.376772,0.00123168,0.0518847,0.00431282,0.0338537,0.00365434,0.528156
img_01441.jpg,0.000441676,0.00199378,0.00155806,0.000752032,0.000797713,0.0064195,0.0362045,0.951833
img_07179.jpg,0.00373266,1.6223e-05,3.93875e-06,4.33553e-05,0.996185,3.91849e-06,1.42975e-05,8.24218e-07
img_02641.jpg,0.965967,0.00159459,0.00342892,0.00751821,0.0030816,0.00703574,0.00117934,0.0101951
img_01177.jpg,0.623734,0.000445723,0.032671,0.0587972,0.224651,0.0170769,0.00738349,0.0352412
img_02964.jpg,5.53013e-05,0.00044761,0.00171771,0.000217771,4.30058e-05,0.000102671,0.000141637,0.997274
img_07448.jpg,0.651414,0.0286071,0.0087998,0.159264,0.00713083,0.0127617,0.00568753,0.126335
img_05735.jpg,0.153049,0.473705,0.00409211,0.0146233,0.00984921,0.225682,0.000639739,0.11836
img_03739.jpg,2.94374e-05,0.00244291,0.0445766,9.48009e-05,3.27954e-05,0.00327658,0.000214876,0.949332
img_01685.jpg,0.294216,0.0704604,0.0116264,0.00400849,0.522855,0.0882957,0.00680678,0.00173131
img_06368.jpg,0.334552,0.179548,0.0681176,0.0160658,0.126719,0.267789,0.00672819,0.000479913
img_07237.jpg,0.653233,0.0358784,0.00208823,0.00683604,9.69965e-05,0.186967,0.00991531,0.104985
img_02268.jpg,0.841219,0.000566206,0.0013379,0.0722319,0.0152466,0.00619423,0.00236019,0.0608438
img_01888.jpg,0.00979938,0.00209103,1.71981e-05,0.00120663,3.1064e-05,0.985641,7.87441e-05,0.00113458
img_05076.jpg,0.549285,0.180434,0.00184049,0.000774615,0.00523657,0.00640077,7.13284e-05,0.255957
img_05657.jpg,0.146125,0.00240971,0.00922711,0.00149934,0.817537,0.00132448,0.00287379,0.019004
img_05580.jpg,0.0923048,0.0355496,0.00111834,0.000634718,0.00113765,0.00110769,0.0659445,0.802203
img_04183.jpg,0.409942,0.00113717,8.38766e-05,0.000798391,0.00103561,0.00744901,0.000308821,0.579245
img_00027.jpg,0.521592,0.251564,0.00785448,0.00147362,0.00740928,0.208661,7.85002e-06,0.00143692
img_02270.jpg,0.792409,0.0505561,0.0150186,0.00949844,0.037159,0.0165102,0.00381805,0.0750308
img_02077.jpg,0.0962575,0.0040939,0.00334297,0.595963,0.00162524,0.296413,0.00227981,2.44011e-05
img_00358.jpg,0.598401,0.0804948,0.00369063,0.00742489,0.00627866,0.0410003,0.0016977,0.261012
img_00119.jpg,0.0526337,0.699693,0.00185156,0.00180664,0.00438957,0.000295223,0.000223751,0.239107
img_02842.jpg,0.0739113,0.00237284,0.00312708,0.00157959,0.0625561,0.774895,0.0807432,0.000814455
img_07352.jpg,0.979419,0.0015272,2.22129e-05,0.000232179,0.00581727,0.000172887,0.000108262,0.0127015
img_02078.jpg,0.0816541,0.00878074,0.121525,0.00896627,0.706245,0.000310806,0.000515726,0.0720029
img_07103.jpg,0.997173,0.000920191,1.29986e-05,6.07875e-05,0.00097837,0.000431133,1.91098e-05,0.000404871
img_01213.jpg,0.944378,0.020753,0.000684028,0.0044812,0.00262102,0.00204927,0.00129863,0.0237351
img_06311.jpg,0.872625,0.00573576,0.00072068,0.00041135,0.000951599,0.118056,0.00125904,0.000240323
img_05434.jpg,0.0278976,4.88006e-05,0.00203746,0.000536081,0.968948,0.000479513,3.49866e-05,1.79743e-05
img_00777.jpg,0.771653,0.000885041,0.00143375,0.000328261,0.00165371,0.22005,0.00382826,0.000168828
img_03475.jpg,0.00850728,8.2392e-05,0.00011771,0.000105026,0.991124,4.10408e-06,2.78607e-05,3.19126e-05
img_06893.jpg,0.269475,0.00317277,0.00634547,0.0050451,0.367373,0.0874513,0.0148906,0.246246
img_03628.jpg,0.987641,0.00235583,0.000167034,0.000391669,0.00626795,0.000878146,0.000315068,0.0019834
img_05572.jpg,0.0246751,0.0294686,0.000407101,0.000208925,0.000134537,0.000273997,0.139443,0.805389
img_07354.jpg,0.966591,0.00141225,3.82146e-05,0.000295081,0.0215785,0.000138119,0.000421284,0.00952505
img_03082.jpg,0.905062,0.0675942,2.53674e-05,0.0268446,5.48582e-05,0.000216812,0.00011151,9.07069e-05
img_07678.jpg,0.0103892,0.00201656,0.00132852,0.983702,0.000943151,0.000202361,0.000211217,0.00120708
img_00730.jpg,0.134124,0.00432408,0.000324642,0.000591006,0.000582234,0.000331623,0.000390382,0.859332
img_05269.jpg,0.644622,0.00227542,0.00164347,0.000354009,0.329814,0.00012641,0.00195776,0.0192061
img_02406.jpg,0.116394,0.00463514,0.00108409,0.730616,0.000589648,0.144777,0.0018634,4.13371e-05
img_06259.jpg,3.05241e-07,3.95341e-05,0.00466987,5.34039e-05,8.93544e-06,0.000590212,0.000188395,0.994449
img_00164.jpg,0.0317083,0.00458645,0.0106621,0.00245325,0.831075,0.00489919,0.000752866,0.113863
img_04766.jpg,0.852046,0.0386961,0.00128782,0.0029224,0.0171995,0.00171915,0.0584863,0.0276427
img_03928.jpg,0.153323,0.739994,0.0238565,0.00860748,0.0166092,0.00982092,0.0302337,0.017555
img_05584.jpg,0.178282,0.664055,0.0669642,0.00775825,0.0367962,0.000585982,0.00170173,0.0438567
img_00889.jpg,0.000469514,0.00348811,0.309585,0.0030696,0.000163501,0.0449102,0.00115416,0.63716
img_02565.jpg,0.646144,0.062385,0.010332,0.00885829,0.12639,0.096311,0.00541323,0.0441663
img_05731.jpg,0.01429,4.35935e-05,1.88132e-06,6.12721e-05,0.985007,0.000149994,0.000386902,5.94048e-05
img_07580.jpg,1.86574e-05,0.382784,0.000199092,0.0251058,0.00289843,0.00279412,0.00899392,0.577205
img_00128.jpg,0.000205988,0.404933,0.417275,0.0013541,0.00751887,0.00492573,0.0014315,0.162355
img_02799.jpg,0.99594,0.000933409,1.60418e-05,8.76778e-05,0.00206272,0.000472071,2.80214e-05,0.000460252
img_04482.jpg,0.970204,0.00267813,0.00298249,0.00986079,0.000195935,0.0133197,0.000552967,0.00020609
img_00383.jpg,0.997701,0.000598873,1.01358e-05,6.29518e-05,0.000900266,0.000364712,1.78617e-05,0.000344498
img_04240.jpg,0.386304,0.00373784,0.00163078,0.00158386,0.117648,0.0442625,0.0372533,0.40758
img_06371.jpg,0.00133603,0.994029,0.000197006,6.99058e-05,6.98237e-06,0.00165675,0.000801933,0.00190214
img_05953.jpg,0.0779174,0.0603313,0.277911,0.00650245,0.177505,0.309153,0.0368328,0.0538466
img_03563.jpg,0.856059,0.0448196,0.000152648,0.0872597,0.000462417,0.00252521,0.000568828,0.00815281
img_00902.jpg,1.25444e-09,2.42226e-05,7.79473e-07,1.99565e-06,2.98794e-07,3.86033e-06,0.999958,1.06893e-05
img_04461.jpg,0.857212,0.00554454,0.00210805,0.106847,0.00291346,0.00195486,0.00278568,0.0206346
img_06144.jpg,0.028477,0.0151175,0.492358,0.00228298,0.0789358,0.0128138,0.0361515,0.333863
img_00518.jpg,0.789292,0.00188052,0.016065,0.011752,0.0555309,0.00834091,0.0665701,0.0505685
img_01681.jpg,0.118315,0.000529243,0.000237726,0.000635524,0.000457103,0.0010709,0.000132186,0.878623
img_03342.jpg,0.565455,0.354895,0.00472579,0.000719423,0.00285709,0.0680103,2.87874e-06,0.00333489
img_05979.jpg,0.352167,0.000717884,0.00385109,0.000856008,0.63638,0.00495824,0.000606745,0.000462966
img_00780.jpg,0.00475762,0.0618976,0.126522,0.000542892,0.000484751,0.388049,0.0104506,0.407296
img_02920.jpg,0.801195,0.0194128,0.0131998,0.00193124,5.38888e-05,0.158636,0.0026895,0.00288119
img_07434.jpg,0.00827304,0.000118919,0.000130251,3.35495e-05,0.9912,6.84797e-05,0.00011824,5.73018e-05
img_05563.jpg,0.784937,0.0178217,0.001293,0.000930082,0.000121334,0.106973,0.00966001,0.0782638
img_04127.jpg,0.0613566,0.00293714,0.000519527,0.00326287,0.00187798,0.63982,0.0079786,0.282248
img_01802.jpg,0.757187,0.03032,0.0013349,0.00180531,0.122814,0.076207,0.00149574,0.00883608
img_03043.jpg,0.000780812,0.0030145,0.487877,0.00089009,0.000719516,0.242098,0.0176402,0.24698
img_05074.jpg,0.414966,0.00105002,0.000974326,0.000514317,0.576782,0.00468968,0.000377057,0.000646378
img_03992.jpg,0.0226641,0.361693,0.0308326,0.00242613,0.459696,0.0030327,0.00660048,0.113055
img_03261.jpg,0.486612,0.237356,0.109909,0.116525,0.0056061,0.018566,0.0019265,0.0234989
img_06189.jpg,0.857603,0.00994446,0.00482925,0.00240141,0.0570476,0.0481963,0.0118557,0.00812229
img_04726.jpg,4.43508e-07,0.00124074,0.000736478,0.000203434,0.989443,0.000222824,0.000262284,0.00789051
img_02291.jpg,0.843171,0.131495,0.00718138,0.000208705,0.00386982,0.011343,0.0020768,0.000654333
img_04118.jpg,0.832391,0.0245975,0.000311301,0.00152761,0.00036217,0.137847,0.000809755,0.00215286
img_06510.jpg,0.986971,0.00033486,0.000187155,6.03462e-05,0.0105507,0.000500141,0.000199786,0.00119611
img_03490.jpg,0.190403,0.102978,0.0083066,0.00791422,0.078478,0.0178665,0.00652401,0.58753
img_03801.jpg,0.951473,0.00855776,0.000493618,0.00147094,0.00305229,0.000421566,0.000706492,0.0338241
img_05792.jpg,0.990049,0.000584478,0.000145887,0.00035543,0.0023784,0.00352304,0.000200245,0.0027634
img_04261.jpg,0.864046,0.0790633,3.71105e-05,0.0563899,0.000126472,9.33652e-05,0.000125708,0.00011778
img_00765.jpg,0.00511126,0.00616048,1.53474e-05,0.000811183,5.307e-05,0.986365,0.000122075,0.00136123
img_04386.jpg,0.566981,0.0462772,0.0130447,0.00607791,0.129834,0.145068,0.00261358,0.090103
img_04705.jpg,4.20988e-06,0.018405,0.80189,0.00071687,0.0529854,0.000104831,0.000288127,0.125606
img_06401.jpg,0.00434396,0.000188876,0.000695601,0.0013667,0.991437,0.000107181,0.000393536,0.00146743
img_03439.jpg,0.840374,0.00716619,0.00176282,0.0828424,0.00901782,0.0480539,0.00224862,0.00853374
img_05603.jpg,0.897723,0.0240906,0.00581759,0.00565137,0.033156,0.025417,0.00279739,0.00534754
img_04478.jpg,0.997945,0.000145141,0.00170105,8.04899e-05,3.2152e-05,6.64072e-05,2.65395e-05,2.93257e-06
img_00833.jpg,0.455573,0.00143119,0.000402326,0.00360869,0.00339364,0.0742348,0.0417255,0.41963
img_00718.jpg,0.669064,0.00148108,0.00012706,0.000671949,0.000501675,0.323852,0.00098001,0.00332241
img_06059.jpg,8.05094e-05,0.000103231,2.00869e-05,4.03473e-05,0.999695,2.16485e-06,5.89195e-05,4.81579e-08
img_05139.jpg,4.51386e-05,0.000529056,0.226527,0.00689874,0.00020062,0.023915,0.00223885,0.739645
img_04585.jpg,5.82369e-06,0.00024797,0.000241737,0.000116468,0.999247,1.50633e-05,6.28857e-05,6.26895e-05
img_02977.jpg,0.35287,0.169075,0.00247888,0.00121991,0.469235,0.000633334,0.00141489,0.00307228
img_01963.jpg,0.99548,0.00166054,1.68715e-05,0.000263514,0.00184235,0.000421076,6.10885e-05,0.00025416
img_05653.jpg,0.0815614,0.511924,0.00794289,0.00222338,0.000953229,0.0124325,0.105657,0.277305
img_07147.jpg,1.47756e-07,6.54653e-05,5.84845e-06,2.2655e-05,0.999887,1.50188e-05,1.6839e-06,2.56018e-06
img_02808.jpg,0.938286,0.0341109,0.00130936,0.00408888,0.00649554,0.0153152,0.000220424,0.000173189
img_02956.jpg,0.544798,0.00477022,0.000360026,0.00204163,0.00173506,0.010263,0.00656955,0.429463
img_00582.jpg,0.656113,0.149033,0.012957,0.0171917,0.00980209,0.124617,0.00342043,0.0268656
img_03711.jpg,0.852199,0.00295781,0.00607744,0.00808531,0.0351351,0.00281994,0.00160067,0.0911248
img_02636.jpg,0.472088,0.00897341,0.00108556,0.000593865,0.45671,0.000246437,0.0574844,0.0028186
img_04830.jpg,0.842244,0.000252133,0.00123496,0.00273898,0.150917,0.00109885,0.000918923,0.000595395
img_05516.jpg,0.82735,0.158417,0.00209398,0.000347867,0.00154219,0.001216,0.00149567,0.00753669
img_04723.jpg,0.000116813,0.000604037,0.753737,0.00273998,0.00442092,0.00155995,0.00135234,0.235469
img_05828.jpg,0.993746,0.000772214,2.6045e-05,0.000413036,0.00406179,0.000838087,0.000129948,1.31109e-05
img_03078.jpg,0.652753,0.169684,0.0479474,0.117856,0.000513027,0.0100548,0.00101992,0.000170555
img_02638.jpg,0.542898,0.0459191,0.0016823,0.00140391,0.000623225,0.00215388,0.0102557,0.395064
img_01657.jpg,3.48999e-09,2.46407e-06,0.998953,3.92207e-05,5.55721e-05,3.4817e-05,3.47408e-05,0.000880035
img_07469.jpg,0.00184863,0.00206831,0.248246,0.00167162,0.00036545,0.01998,0.00161108,0.724209
img_04013.jpg,1.41803e-05,0.579239,0.000148305,0.0120662,0.00106964,0.00100437,0.00310323,0.403355
img_04369.jpg,0.592376,0.00497791,0.000618075,0.000851445,0.00147548,0.394451,0.00447563,0.000773635
img_07505.jpg,0.994425,0.000225331,9.24529e-05,2.91519e-05,0.00367638,0.000553565,5.62418e-05,0.000941925
img_07330.jpg,0.912623,0.0191044,0.00264861,0.00053393,0.00570734,0.00585609,0.00819495,0.045332
img_00170.jpg,0.814304,0.00170628,0.000835516,0.100282,0.00348553,0.0732424,0.00108661,0.00505773
img_04546.jpg,0.00201975,0.0287533,0.0693405,0.000170836,0.000318839,0.0315762,0.00095573,0.866865
img_07044.jpg,0.185353,0.00395102,0.0684295,0.00791632,0.015504,0.000283295,0.00441598,0.714146
img_06860.jpg,0.0209742,0.0104357,0.000267574,0.000339366,0.967162,0.000642035,4.55244e-05,0.000133398
img_07818.jpg,0.995884,0.00111644,1.65938e-05,7.71498e-05,0.00219451,0.000405069,2.12524e-05,0.0002848
img_03454.jpg,0.80258,0.00110038,0.00937917,0.00621798,0.167092,0.00881936,0.00442876,0.000381744
img_03726.jpg,2.17345e-05,0.393912,0.000641878,0.0509808,0.0120452,0.00462132,0.00502535,0.532751
img_00212.jpg,0.000384239,0.000171639,1.35502e-05,0.0039373,6.68541e-06,0.00144501,0.000240258,0.993801
img_06663.jpg,0.00328203,0.00318941,0.00571103,0.965227,0.00116467,0.0131017,0.000374001,0.00795043
img_05276.jpg,6.70915e-07,0.000628031,0.00054265,0.00028597,0.993474,0.000202286,9.08713e-05,0.00477593
img_07594.jpg,0.057753,0.0179422,0.000916891,0.000490049,0.00126263,0.000673068,0.00705016,0.913912
img_01142.jpg,0.94539,0.000190851,0.0021459,0.0039294,0.00969359,0.00130605,0.0023071,0.0350374
img_01035.jpg,0.861713,0.00070915,0.000879872,0.000309213,0.00223578,0.132288,0.00181794,4.70282e-05
img_04554.jpg,0.94664,0.00056834,0.00216491,0.00130144,0.0324505,0.00108871,0.0143484,0.00143728
img_00543.jpg,0.997527,0.00131533,1.64575e-05,4.17363e-05,0.00058217,0.000265613,8.29638e-06,0.000243369
img_02769.jpg,0.00188613,0.00696275,0.581893,0.000507763,0.000350927,0.00829809,0.00135513,0.398747
img_03210.jpg,3.27584e-06,0.000438581,0.00115562,0.000297733,1.46728e-05,0.000386296,0.000243616,0.99746
img_02679.jpg,0.0367407,0.029354,0.139904,0.00506127,0.523074,5.77562e-05,0.0096119,0.256197
img_03199.jpg,0.883789,0.0183975,0.00101094,0.00148123,0.00996258,0.00238866,0.041156,0.0418138
img_07110.jpg,0.926912,0.000866942,0.000416052,0.000468826,0.00208187,0.0660269,0.00143282,0.00179454
img_05718.jpg,4.07034e-05,0.355819,0.000942955,0.0823592,0.0145625,0.0157271,0.0066714,0.523877
img_07623.jpg,0.877635,0.0150411,0.00146531,0.00170244,0.0943174,0.000257075,0.0021352,0.00744631
img_02889.jpg,0.788672,0.00671158,0.00682534,0.113644,0.0590121,0.00526357,0.00252884,0.0173426
img_04860.jpg,0.990334,0.00023159,4.8341e-05,0.00115531,0.00577834,0.00136669,0.000288951,0.0007971
img_04856.jpg,0.911285,0.0017187,0.00257583,0.00945216,0.0176663,0.00496639,0.00159572,0.0507403
img_02865.jpg,0.00220834,0.976501,0.000195946,0.000560839,0.00225797,9.34571e-05,4.86145e-05,0.0181336
img_04990.jpg,0.00989651,0.00412654,0.000174138,0.000294565,0.000510038,7.76927e-05,0.0484707,0.93645
img_07137.jpg,0.887928,0.013409,0.00594137,0.00274202,0.050007,0.00248705,0.00481103,0.0326741
img_00289.jpg,0.688908,0.000180218,7.60062e-05,0.000349231,0.309517,0.000638607,0.00025055,7.97316e-05
img_00575.jpg,0.712499,0.00552085,0.00222307,0.0012966,0.0109786,0.0773456,0.0926507,0.0974856
img_04408.jpg,0.885158,0.0554084,0.000132669,0.0514984,0.000559821,0.00194299,0.00125477,0.00404518
img_05433.jpg,0.699914,0.00240405,0.00113047,0.00411431,0.0112697,0.275502,0.000399504,0.00526583
img_03260.jpg,0.981355,0.000514071,0.000218803,0.000686431,0.00759664,0.00579867,0.000512242,0.00331796
img_05292.jpg,0.794043,0.0902919,0.00319078,0.000956522,0.00529205,0.0875297,8.19587e-06,0.0186874
img_04661.jpg,0.824311,0.0434635,0.00183851,0.00288323,0.00285781,0.122573,0.00134464,0.000727811
img_02726.jpg,0.250373,0.0165934,0.0517704,0.0151612,0.504633,0.160818,0.000397044,0.000253763
img_04752.jpg,0.148576,0.00347799,0.00331173,0.71091,0.000420211,0.130658,0.00259211,5.3854e-05
img_07689.jpg,0.0040418,0.00347662,0.0130384,0.964007,0.00343066,0.00691281,0.000233533,0.00485887
img_07065.jpg,2.32996e-05,0.52096,0.000325492,0.0263687,0.000698265,0.000975636,0.00185191,0.448796
img_05236.jpg,0.460932,0.308906,0.00322214,0.00269987,0.00098802,0.121656,8.684e-05,0.101509
img_00018.jpg,0.878239,0.000287618,0.000430428,0.000955012,0.00066797,0.070572,0.00180045,0.0470474
img_00005.jpg,0.000379067,1.70858e-05,0.000233397,4.5916e-05,0.998968,7.89905e-06,0.000347317,1.76058e-06
img_05038.jpg,0.86771,0.0131391,0.00225474,0.000512904,0.00996366,0.00318625,0.00633335,0.0969004
img_02646.jpg,7.34289e-05,0.00293192,0.000270415,0.000341151,0.000367294,0.0472105,0.000811203,0.947994
img_05341.jpg,0.961266,0.00175483,0.000185861,0.000347617,0.0325965,0.00121876,0.000115773,0.00251468
img_06549.jpg,0.985126,0.00165152,7.24352e-05,0.000201715,0.000414929,0.0113853,0.000845731,0.000302477
img_06684.jpg,0.996753,0.000749525,3.07845e-05,4.04983e-05,2.23719e-05,0.00205094,0.000261362,9.15657e-05
img_05410.jpg,1.10712e-06,0.000222724,0.0109357,8.56707e-05,4.23406e-05,0.00336519,0.000251527,0.985096
img_03892.jpg,0.0892566,0.0691395,0.0246781,0.0074098,0.0239688,0.501933,0.114871,0.168743
img_00538.jpg,0.945889,0.000410412,0.00178045,0.0110268,0.00112367,0.00315821,0.0059127,0.0306989
img_00664.jpg,0.997735,0.000308034,0.000800799,1.41228e-05,0.00101367,0.000100771,1.83666e-05,9.32885e-06
img_05459.jpg,0.359377,0.214372,0.0326156,0.0178628,0.0165396,0.0355683,0.00391088,0.319754
img_04921.jpg,0.0973323,0.00155698,0.0100344,0.00281643,0.0659852,0.677766,0.140103,0.00440597
img_05673.jpg,0.862166,0.0727601,0.00592476,0.00575007,0.0159309,0.032762,0.00128509,0.00342064
img_04004.jpg,0.944546,0.00256506,0.000468168,0.000916549,0.00561485,0.0384384,0.000792051,0.00665902
img_05439.jpg,0.993043,0.000136088,2.73025e-05,0.00045626,0.00488485,0.000809895,0.000269099,0.000373844
img_05682.jpg,0.02258,0.0204578,0.00493227,0.00661524,0.00373475,0.135212,0.0837098,0.722758
img_01995.jpg,0.000114455,0.250978,0.00104329,0.0725762,0.00398761,0.0360666,0.00405903,0.631174
img_01669.jpg,0.0932956,0.00425051,0.0385205,0.844891,0.00259512,0.0158358,0.000508885,0.000102878
img_05568.jpg,0.897491,0.0324479,0.000250521,0.00345759,0.057856,0.0011425,0.000986557,0.00636818
img_06909.jpg,0.983298,0.0123989,0.00232953,0.000742895,0.000492749,0.000523193,0.000103136,0.000111841
img_00442.jpg,2.21143e-07,1.705e-05,0.000173271,1.44615e-05,6.72279e-08,8.24092e-05,3.43506e-05,0.999678
img_06099.jpg,0.644724,0.0201152,0.00828146,0.00093248,0.319225,0.00142104,0.00210428,0.00319626
img_03238.jpg,0.884805,0.00427366,0.00075936,0.00165701,0.0165255,0.0443866,0.000340183,0.0472523
img_06324.jpg,0.513871,0.347673,0.00473406,0.0470052,0.000984132,0.0776604,0.00110215,0.00697005
img_02372.jpg,0.000556957,6.83697e-05,5.14229e-05,0.00023016,0.998608,0.000123696,0.000235278,0.00012569
img_01724.jpg,0.96363,0.000495843,0.000652204,0.000388482,0.00472402,0.0279052,0.000971192,0.00123311
img_00724.jpg,0.107944,0.0149961,0.00301771,0.0537583,0.0129751,0.0275348,0.549274,0.2305
img_00837.jpg,0.91153,0.0106662,0.00208578,0.00505803,0.050345,0.0145363,0.00484833,0.00092997
img_02347.jpg,0.0536513,0.000547029,0.00451512,0.000513585,0.933573,0.000639733,0.00108447,0.00547547
img_04586.jpg,0.994748,0.0019424,0.00128961,0.000552706,0.000458326,0.000865814,0.000108239,3.44045e-05
img_00141.jpg,1.98567e-06,0.000102001,0.00024859,6.55673e-05,1.29028e-05,1.03762e-05,4.8152e-05,0.99951
img_03584.jpg,3.37904e-05,0.0418641,0.0201827,0.00232371,0.146125,2.84886e-05,0.000370183,0.789072
img_01745.jpg,0.989361,6.80566e-06,0.00283869,0.00490421,0.000206836,0.000297298,6.76127e-05,0.00231739
img_05525.jpg,0.899523,0.0225063,0.00535431,0.000848371,0.0435641,0.0203028,0.00752988,0.000370854
img_00591.jpg,0.155958,0.00454454,0.000757617,0.000966798,0.000868377,0.231435,0.00111777,0.604352
img_01373.jpg,0.148312,0.000159738,0.000233708,0.000172153,0.840867,0.00971331,0.000448265,9.35455e-05
img_03457.jpg,0.978123,0.000991063,0.00019875,0.000333046,0.00179842,0.0175297,0.000225309,0.000800889
img_04268.jpg,0.964222,0.00138079,0.000171392,0.000250508,0.00785579,0.0238892,0.000103174,0.00212727
img_06698.jpg,0.710352,0.00314311,0.00119898,0.00416697,0.0281101,0.250602,0.000242873,0.00218447
img_06946.jpg,0.969972,0.0160338,0.000189523,0.000100772,0.000945098,0.00512951,2.60315e-05,0.00760322
img_06440.jpg,0.139113,0.00106005,0.00106626,0.00103656,0.00859043,0.822351,0.0252313,0.00155143
img_02416.jpg,0.374,0.120959,0.0187533,0.00836658,0.129577,0.0246788,0.0069443,0.316721
img_03440.jpg,2.89807e-06,0.0102557,0.177577,0.00142206,0.0077704,0.000119295,0.000403964,0.802449
img_05488.jpg,0.828918,0.00206751,0.00241072,0.00835608,0.00463511,0.142629,0.0107642,0.000219074
img_00533.jpg,0.437542,0.403283,0.00680203,0.0054364,0.00235118,0.00460257,0.00307182,0.136911
img_00618.jpg,0.781156,0.00055775,0.000352732,0.000583698,0.20913,0.00654815,0.00117465,0.000496944
img_06037.jpg,0.439433,0.0122996,0.0134595,0.00817713,0.0270258,0.0960584,0.391859,0.0116873
img_04037.jpg,0.630226,0.0230236,0.0503755,0.00346712,0.199741,0.0642102,0.0161054,0.0128515
img_04101.jpg,0.893296,0.00207532,0.0014566,0.000285712,0.00120024,0.0977574,0.00359971,0.000328688
img_03297.jpg,0.994814,0.000882817,0.000299861,0.000785472,0.00171125,0.000886741,0.000132178,0.000487472
img_05612.jpg,0.909473,0.0685261,0.00188212,0.00201698,0.00770931,0.0101572,0.000127902,0.000107555
img_05489.jpg,0.744594,0.223475,0.00732266,0.00244075,0.000460306,0.0203592,0.00125985,8.79688e-05
img_01853.jpg,0.0146567,0.00739865,0.000323666,0.000699819,0.000465516,0.00308959,0.000249615,0.973117
img_01505.jpg,0.00411522,0.893834,0.000762892,0.000944854,0.0107217,5.79378e-05,0.000100013,0.0894632
img_05558.jpg,0.961232,0.0339907,0.000244906,2.266e-05,0.00022183,0.000253379,1.3471e-05,0.00402124
img_00417.jpg,0.000146339,0.000107961,2.59477e-05,0.0133352,1.91517e-05,0.00355162,0.00275812,0.980056
img_04520.jpg,0.453652,0.0455385,0.0412282,0.00751192,0.104024,0.0177818,0.281559,0.0487053
img_01984.jpg,0.0523579,0.0300247,0.00741527,0.000970359,0.000406903,0.000306807,0.000676611,0.907842
img_05948.jpg,0.105625,0.000305993,6.33662e-05,0.00033135,0.0014466,0.578733,0.312234,0.00125987
img_01874.jpg,0.345896,0.000287224,0.000250938,0.000639127,0.0537617,0.592555,0.00576388,0.000846698
img_07187.jpg,0.997723,0.000246225,4.53402e-05,3.71407e-05,0.00177476,2.77176e-05,2.6037e-05,0.000120249
img_03674.jpg,0.000175348,1.19912e-05,1.01638e-05,2.79641e-05,0.999588,4.00471e-06,0.000178553,3.79106e-06
img_02899.jpg,0.974282,0.00180022,0.000416578,0.0122602,0.00062546,0.00962338,0.000976507,1.58773e-05
img_06756.jpg,0.99378,0.000316248,5.84435e-05,0.000527373,0.00398254,0.000842339,0.000330326,0.000163127
img_04375.jpg,0.000670231,3.82717e-05,0.000152616,0.000146239,0.998817,2.95769e-05,6.35968e-05,8.22871e-05
img_02666.jpg,0.998551,0.000119308,3.62023e-05,1.16609e-05,0.000749706,9.21687e-05,0.000146102,0.000294411
img_01856.jpg,0.98889,0.00170944,7.03329e-05,0.000174467,0.00348016,0.00152427,0.000498812,0.0036528
img_03809.jpg,0.929571,0.00134626,0.000512577,0.00244394,0.00568082,0.00750646,0.0261637,0.0267756
img_02709.jpg,0.743576,0.00394147,0.00339,0.108633,0.0165775,0.00119298,0.00183315,0.120855
img_05026.jpg,0.872162,0.0727978,0.000335727,0.000164247,0.000714421,0.0154133,2.45036e-05,0.0383877
img_05445.jpg,0.992104,0.000264474,3.16145e-05,0.000328044,0.00529207,0.00159246,0.000261643,0.000125733
img_06962.jpg,0.0497867,0.0613101,0.0197911,0.00992554,0.000667585,0.237539,0.44831,0.17267
img_05794.jpg,0.998365,0.00014818,0.000200597,3.54484e-05,0.000145949,0.000932698,0.000108334,6.39854e-05
img_07436.jpg,0.0390149,0.0164473,0.00871413,0.00453865,0.000442355,0.426932,0.464091,0.0398198
img_03310.jpg,0.887292,0.00879606,0.00238619,0.00635863,0.00624898,0.088377,0.000457999,8.30826e-05
img_06849.jpg,0.210033,0.324333,0.00367283,0.00388649,0.0167441,0.000600456,0.00739072,0.433339
img_04719.jpg,0.274897,0.0014982,0.000560551,0.00223644,0.653983,0.0570611,0.00675148,0.00301216
img_03715.jpg,0.0222597,0.00397163,0.0247993,0.924756,0.00737816,0.00659242,0.00497751,0.00526478
img_05137.jpg,0.779728,0.0303486,0.00161836,0.0100655,0.0117175,0.125596,0.000741846,0.0401846
img_07304.jpg,0.911914,0.0163536,0.00409618,0.00219013,0.0351878,0.0260588,0.00310867,0.00109085
img_05095.jpg,0.980317,0.0160582,0.000762784,0.00051504,0.0001388,0.000680548,9.98022e-05,0.00142766
img_01043.jpg,0.00157332,1.21181e-05,0.000156232,5.751e-05,0.99781,0.000181095,0.000201084,8.80147e-06
img_07583.jpg,0.666218,0.0105522,0.00228052,0.0131106,0.109219,0.03204,0.107583,0.0589964
img_06832.jpg,0.853485,0.00943977,0.0326179,0.0456621,0.000679367,0.0414471,0.0025336,0.0141353
img_03527.jpg,3.78512e-08,0.000108021,0.24645,0.00029088,1.70001e-05,0.000211807,7.56118e-05,0.752847
img_04879.jpg,0.0075137,0.0244128,0.00142593,0.0142363,0.0601566,0.890976,0.000606684,0.000672189
img_06690.jpg,0.000102182,0.000761519,0.184109,0.00945111,0.000545352,0.0168146,0.00203391,0.786183
img_03254.jpg,0.0818829,0.00164494,0.00121666,0.00128994,0.0310365,0.832908,0.0489579,0.00106349
img_07906.jpg,0.000142924,0.00731643,0.738668,0.000387699,0.000749165,0.0168936,0.00228173,0.23356
img_04712.jpg,0.0814163,0.0101869,0.175594,0.00939169,0.256187,0.100365,0.00327899,0.36358
img_00380.jpg,0.986007,0.0047944,0.00159674,0.00236048,0.00287052,0.000403281,0.000343726,0.00162418
