image,ALB,BET,DOL,LAG,NoF,OTHER,SHARK,YFT
img_00876.jpg,0.00185923,0.000397336,0.00774607,0.0014817,0.0278493,0.00693339,7.49172e-05,0.953658
img_01059.jpg,1.99356e-05,0.0223712,0.000512678,0.000427394,0.000229801,0.000447167,0.00703097,0.968961
img_02834.jpg,0.740589,0.0348405,0.0259015,0.0100387,0.00119553,0.0391122,0.0618832,0.0864394
img_03941.jpg,0.814884,0.0205349,0.0196937,0.00516861,0.00456149,0.106451,0.00805641,0.0206496
img_05137.jpg,0.492371,0.00500602,0.0143308,0.00376692,0.00650608,0.406483,0.0674001,0.00413538
img_05434.jpg,3.61819e-17,3.12968e-08,0.00146787,0.0270294,0.964963,5.43279e-06,0.00653451,2.45345e-12
img_01249.jpg,2.25611e-14,2.85849e-07,0.00196882,0.0185843,0.973112,1.75587e-05,0.00631711,1.39198e-10
img_01116.jpg,0.769317,0.127064,0.00689997,0.00556247,0.00186139,0.0213857,0.00361572,0.0642943
img_04130.jpg,0.767489,0.00696723,0.0330574,0.0034442,0.0105898,0.129998,0.0221113,0.0263428
img_06021.jpg,1.14988e-06,0.00196178,0.955443,0.0033122,0.0017831,0.000467495,0.0121935,0.0248375
img_05657.jpg,0.0732425,0.0502513,0.0195958,0.00971253,0.0564744,0.303341,0.4705,0.0168818
img_03627.jpg,0.963715,0.0100021,0.00121658,0.0012032,0.000347039,0.00655697,0.000980128,0.0159787
img_00765.jpg,0.0034772,0.0574215,0.00762175,0.00908966,0.00149918,0.801898,0.0701758,0.0488173
img_04127.jpg,0.756231,0.00993623,0.00611381,0.00322529,0.00183318,0.097082,0.00369096,0.121888
img_06368.jpg,0.851067,0.0102349,0.0115721,0.00213035,0.0181865,0.0814592,0.00299524,0.0223546
img_00469.jpg,0.807133,0.00857943,0.0024155,0.0684431,0.00212433,0.00467538,0.00273234,0.103897
img_04453.jpg,1.94523e-16,3.56806e-10,7.93384e-06,0.000854073,0.997976,6.36001e-08,0.00116221,6.18565e-13
img_03135.jpg,0.0035903,0.0037207,0.000245801,0.0008753,0.000159126,0.000857568,0.000864848,0.989686
img_07436.jpg,0.131456,0.00405781,0.0129448,0.00366057,0.0100373,0.378708,0.368818,0.0903171
img_07079.jpg,2.53914e-14,9.63191e-08,0.000289445,0.00640753,0.992909,9.2428e-06,0.000384324,5.57892e-11
img_01847.jpg,0.0100368,0.00212846,0.000539547,0.00101048,0.000231007,0.00114298,0.00294641,0.981964
img_05489.jpg,0.982144,0.00839471,0.00090977,0.000979206,0.000326467,0.00507723,0.000393498,0.00177528
img_05755.jpg,0.948988,0.0110795,0.000681956,0.000709487,0.00294158,0.0320127,0.00271563,0.000871439
img_04586.jpg,0.945675,0.00798991,0.00172361,0.00290011,0.00750895,0.0298052,0.0026317,0.0017655
img_00959.jpg,0.987306,0.00470324,0.000476618,0.000386272,0.000467403,0.00483845,0.000398158,0.00142376
img_01541.jpg,0.000583585,0.000911665,0.0337018,0.00526582,0.931253,0.0227538,0.000515872,0.00501408
img_06860.jpg,2.21758e-25,1.83858e-14,1.71175e-06,0.000223292,0.99849,2.5511e-10,0.00128491,1.16934e-18
img_00648.jpg,0.939203,0.0192144,0.0162543,0.00829777,0.00266491,0.00610833,0.00120452,0.00705278
img_01618.jpg,0.994015,0.000619373,0.000243589,0.00120041,0.000454455,0.00261727,4.39677e-05,0.000805625
img_05410.jpg,3.40278e-05,0.00554791,0.0103988,0.00301699,0.0127472,0.00096405,0.0323991,0.934892
img_02656.jpg,0.420904,0.0723505,0.085639,0.213478,0.0155723,0.0512114,0.0108506,0.129995
img_03726.jpg,0.0479943,0.300242,0.0348652,0.0315646,0.0102432,0.43355,0.0182895,0.123251
img_02231.jpg,2.44158e-20,1.90387e-09,0.000228976,0.0119656,0.984838,3.20078e-07,0.00296684,2.17462e-14
img_05292.jpg,0.09756,0.0110941,0.00446498,0.00648058,0.00139682,0.0141672,0.0550436,0.809793
img_02135.jpg,0.793597,0.00182682,0.000667162,0.00110022,0.187458,0.00433772,0.00274279,0.00827019
img_05046.jpg,0.787433,0.00748362,0.00432499,0.00423044,0.0063795,0.157177,0.0179803,0.0149917
img_01632.jpg,0.685773,0.00206578,0.0142308,0.00650134,0.109557,0.102569,0.00329453,0.0760079
img_02949.jpg,0.86561,0.0110253,0.0040801,0.00505595,0.00337618,0.0168671,0.00234352,0.0916419
img_04872.jpg,0.960813,0.00247353,0.000668416,0.00451065,0.013197,0.0160407,0.00168293,0.000613664
img_04044.jpg,0.849437,0.00392894,0.00125675,0.00375603,0.0310359,0.0599404,0.0147844,0.0358608
img_03080.jpg,0.89035,0.020213,0.0060934,0.00595683,0.0039818,0.00418255,0.001259,0.0679632
img_05336.jpg,0.811846,0.0881664,0.0117152,0.0163054,0.00521639,0.0534787,0.00659174,0.0066806
img_04013.jpg,0.183596,0.320671,0.0282167,0.0183176,0.00590151,0.208182,0.0156432,0.219473
img_05958.jpg,3.96238e-05,0.000278968,5.35127e-06,2.78707e-05,4.13583e-06,5.14357e-06,4.1492e-05,0.999597
img_07044.jpg,0.000416511,0.0111545,0.20709,0.021916,0.0258943,0.0168169,0.153709,0.563003
img_05463.jpg,0.378945,0.0249587,0.00288625,0.00588203,0.00178724,0.0173586,0.00910062,0.559081
img_00302.jpg,0.0676917,0.0038018,0.0108647,0.00359016,0.00728732,0.274296,0.584875,0.047593
img_07678.jpg,0.041521,0.00299271,0.0318113,0.860132,0.0124493,0.0248809,0.00325346,0.0229597
img_03199.jpg,0.828778,0.00349225,0.00223056,0.00538093,0.00089277,0.0151713,0.00772164,0.136332
img_03252.jpg,0.834671,0.00839327,0.00250662,0.00217229,0.000863448,0.0147683,0.00445563,0.13217
img_06637.jpg,0.000353323,0.000518771,0.000992904,0.00107677,0.994484,0.0013596,0.00118122,3.39261e-05
img_05673.jpg,0.639301,0.0891734,0.00601181,0.0081098,0.0237029,0.129825,0.036022,0.0678546
img_00697.jpg,4.73574e-06,0.00639427,0.000600912,0.000404241,9.08213e-06,6.12724e-06,0.000121171,0.992459
img_04237.jpg,0.657256,0.0609414,0.00570268,0.00696248,0.0163897,0.0363854,0.0123697,0.203993
img_02766.jpg,0.907902,0.00881472,0.0123497,0.00237073,0.00219442,0.0065297,0.00228794,0.0575508
img_02487.jpg,0.673022,0.0237468,0.0156035,0.0201783,0.00601878,0.00388517,0.111575,0.14597
img_03222.jpg,0.883907,0.0251889,0.00827027,0.0319209,0.017978,0.0260102,0.00174955,0.00497499
img_05156.jpg,0.00150885,0.00496855,0.0137278,0.022876,0.917692,0.0204373,0.0179469,0.000842402
img_05916.jpg,0.710864,0.039361,0.0183664,0.0359433,0.0097323,0.0100301,0.0508804,0.124823
img_00417.jpg,0.252004,0.00906535,0.00676066,0.0406301,0.00093828,0.00575924,0.0059308,0.678911
img_02479.jpg,2.2091e-13,1.74904e-08,0.000178513,0.00507052,0.994381,2.10954e-07,0.000370171,1.43057e-08
img_00773.jpg,9.17576e-18,2.4796e-08,0.000853847,0.0305822,0.965277,2.10472e-06,0.00328441,1.67323e-12
img_05260.jpg,0.869064,0.016315,0.0116515,0.00865998,0.00263834,0.066766,0.0112417,0.0136638
img_07146.jpg,0.00377104,0.000186233,0.00212498,0.00126696,0.97896,0.00804598,0.00522671,0.000418307
img_04479.jpg,0.107221,0.0132477,0.00310234,0.00412967,0.0186061,0.82296,0.0274098,0.00332368
img_00244.jpg,0.774175,0.0145969,0.00613091,0.011513,0.008307,0.180267,0.00184062,0.00316921
img_04478.jpg,0.789331,0.132288,0.00332096,0.00112395,0.000889683,0.00268966,0.000760705,0.0695961
img_00650.jpg,0.0744512,0.0412847,0.0342402,0.0165471,0.100211,0.520587,0.0910003,0.121678
img_04002.jpg,0.00579544,0.00677179,0.00484459,0.00115086,0.00453451,0.964474,0.0107203,0.00170898
img_05475.jpg,5.20099e-13,3.54157e-07,0.000452736,0.00701356,0.989665,4.72557e-05,0.00282154,1.55732e-10
img_03527.jpg,0.518304,0.00763442,0.0729871,0.00388819,0.00506711,0.165512,0.0528117,0.173795
img_02865.jpg,0.0276057,0.000492823,0.0835923,0.0424814,0.561885,0.0937877,0.00550528,0.18465
img_00551.jpg,0.908856,0.00990183,0.00360658,0.0011878,0.0010468,0.0128674,0.00301314,0.0595209
img_04128.jpg,0.335562,0.19142,0.00232422,0.00405394,0.000382988,0.000196195,0.00527148,0.46079
img_04240.jpg,0.787256,0.0085685,0.0110208,0.00655698,0.0131632,0.119541,0.00812319,0.0457704
img_01134.jpg,0.915322,0.0100709,0.00332184,0.0023164,0.0010722,0.0484514,0.00196779,0.0174779
img_04757.jpg,0.650214,0.0102299,0.0785896,0.0447611,0.0594015,0.049485,0.0884945,0.018824
img_03254.jpg,0.00248625,0.00170953,0.000979875,0.000915104,0.00828162,0.981638,0.00352811,0.000461129
img_01640.jpg,0.960068,0.0170765,0.00653734,0.0062341,0.00115966,0.00209759,0.000826577,0.00600053
img_04750.jpg,0.959252,0.00241732,0.00327029,0.001898,0.014403,0.0113915,0.00109589,0.00627228
img_07147.jpg,3.37099e-14,1.38046e-08,0.015696,0.0370258,0.940707,1.70351e-05,0.00655471,1.93252e-10
img_05963.jpg,0.590496,0.00355887,0.00563676,0.00155778,0.000555757,0.00689141,0.00881818,0.382485
img_07122.jpg,0.704065,0.131346,0.0253099,0.0433094,0.0061653,0.068463,0.00697827,0.0143633
img_00040.jpg,0.0114502,0.00220041,0.0151872,0.00284259,0.00809583,0.257731,0.627014,0.0754789
img_02857.jpg,4.07998e-13,5.54163e-09,0.000600109,0.000428491,0.99793,1.97717e-07,0.00104097,6.05712e-09
img_02842.jpg,0.00166034,0.00361188,0.00414192,0.0019484,0.012977,0.96406,0.0109787,0.000622038
img_03935.jpg,1.65848e-05,0.000391508,0.00931427,0.0141482,0.954559,0.00670361,0.0148125,5.42456e-05
img_03892.jpg,0.219648,0.0246061,0.0106962,0.00514358,0.00675397,0.22219,0.0585195,0.452442
img_00667.jpg,0.00792747,0.00288304,0.029233,0.00275484,0.0640016,0.0796877,0.000197295,0.813315
img_07094.jpg,0.57166,0.0418899,0.00556332,0.00438109,0.0051466,0.000650393,0.12857,0.242139
img_01782.jpg,4.6968e-13,2.09586e-09,0.000150191,0.000369178,0.999256,1.0053e-06,0.000223879,5.97515e-10
img_04830.jpg,0.0390368,0.00704382,0.0318109,0.00432717,0.00819046,0.00418834,0.0398553,0.865547
img_06525.jpg,0.457879,0.0595938,0.078648,0.00276297,0.0160404,0.342042,0.0240488,0.018985
img_07051.jpg,0.039043,0.259504,0.0135764,0.00572946,0.00345416,0.0111608,0.618338,0.0491938
img_01781.jpg,0.0203761,0.0991966,0.0214938,0.0406107,0.67863,0.0831643,0.0312324,0.025296
img_01392.jpg,0.00058269,0.00526613,0.801378,0.00480498,0.00299415,0.00170914,0.016445,0.166819
img_01538.jpg,0.83578,0.0439854,0.00804274,0.00367341,0.0019763,0.0471775,0.00803053,0.0513338
img_02318.jpg,0.0173535,0.00232386,0.00105744,0.00424606,0.000572784,0.00117164,0.014112,0.959163
img_00129.jpg,0.0923416,0.00967691,0.0171345,0.0204832,0.00726925,0.400917,0.350044,0.102133
img_05967.jpg,0.458777,0.225194,0.0162782,0.0909312,0.00668958,0.0470231,0.0147578,0.140349
img_06059.jpg,3.44451e-11,5.36305e-07,0.000322124,0.00247075,0.995939,2.26464e-05,0.00124448,1.46705e-09
img_03805.jpg,0.875969,0.0512942,0.00375145,0.00509606,0.00180898,0.0185157,0.00252344,0.0410407
img_03871.jpg,0.226272,0.0312373,0.0380928,0.0147471,0.528481,0.12896,0.0213198,0.01089
img_00282.jpg,0.893152,0.0100401,0.01062,0.006954,0.00645188,0.0544001,0.00292853,0.0154537
img_05241.jpg,0.42238,0.0525718,0.0229852,0.0217945,0.0440434,0.24697,0.0210216,0.168234
img_04257.jpg,1.77597e-13,1.37074e-08,3.34501e-05,0.00028749,0.999398,3.12689e-07,0.000280546,9.14209e-11
img_03229.jpg,0.0263871,0.00253827,0.0173877,0.0104837,0.00427204,0.0741849,0.816672,0.0480743
img_02726.jpg,0.809906,0.0349141,0.007301,0.0207233,0.00705469,0.104364,0.00911943,0.00661715
img_06902.jpg,0.964746,0.0042586,0.002993,0.00349994,0.00173112,0.0103598,0.000408725,0.0120032
img_07757.jpg,0.0291201,0.0604569,0.0238673,0.0117747,0.0992127,0.116276,0.642842,0.0164498
img_04015.jpg,0.819801,0.117789,0.00366447,0.00293128,0.00130114,0.0481264,0.00451677,0.00187054
img_07160.jpg,9.63846e-21,1.91159e-10,8.95224e-05,0.00398393,0.994564,1.21111e-07,0.0013621,2.23578e-15
img_02216.jpg,7.59262e-07,5.90647e-05,0.00242187,0.00499237,0.991424,0.000571223,0.000529135,1.69334e-06
img_04263.jpg,0.978746,0.0113331,0.000504418,0.000229631,0.000390313,0.00588038,0.000598512,0.00231718
img_07419.jpg,0.00020944,0.00543179,7.96594e-05,0.000131337,1.67802e-05,9.06133e-06,0.000336186,0.993786
img_00538.jpg,0.802753,0.0590388,0.0122422,0.0106572,0.00276362,0.0521692,0.00979109,0.0505848
img_00138.jpg,8.26808e-15,1.13823e-07,0.000599743,0.0105546,0.98784,1.02424e-05,0.000995161,3.40561e-11
img_04323.jpg,1.59203e-06,9.12387e-05,0.00264014,0.00498069,0.97619,0.000799904,0.0152786,1.79725e-05
img_05322.jpg,0.823387,0.0718065,0.00503182,0.0132302,0.00645092,0.00302975,0.0211245,0.0559397
img_01373.jpg,6.09717e-20,2.20723e-09,0.000792789,0.0204134,0.977007,4.64956e-07,0.00178656,5.24188e-14
img_00311.jpg,0.967395,0.0106533,0.00591593,0.00606412,0.00106839,0.00220763,0.000774408,0.00592083
img_05236.jpg,0.699014,0.011678,0.0423643,0.00498749,0.00677346,0.226281,0.00330905,0.00559228
img_07553.jpg,8.88717e-12,9.15538e-07,0.000362438,0.00521647,0.992532,4.96003e-05,0.00183831,1.04167e-09
img_04507.jpg,0.000144451,0.00157602,0.000810417,0.000537246,1.12374e-05,0.000292851,0.000247469,0.99638
img_04003.jpg,0.747711,0.0325765,0.0331119,0.0293628,0.00283319,0.036801,0.00818929,0.109415
img_00289.jpg,1.29545e-15,7.35823e-11,4.51413e-05,0.000861857,0.998967,1.351e-07,0.000126312,1.77102e-11
img_01874.jpg,0.947272,0.00418975,0.000554297,0.00151857,0.000570772,0.00432185,0.00172191,0.0398507
img_06144.jpg,0.265335,0.0169503,0.102755,0.0639475,0.0190737,0.0318658,0.0852774,0.414796
img_01325.jpg,2.44654e-07,7.86067e-07,0.000215218,0.000137411,0.999244,2.73327e-05,0.000374311,1.13703e-06
img_01860.jpg,0.948646,0.00724721,0.00119365,0.00052323,0.00705439,0.0240175,0.00103525,0.0102826
img_04268.jpg,0.901556,0.00863831,0.00343447,0.00348334,0.00315286,0.0213146,0.00416848,0.0542516
img_01198.jpg,0.972203,0.00338874,0.000668178,0.00151602,0.00316553,0.01679,0.000812592,0.00145639
img_01399.jpg,0.000517001,0.622579,0.067017,0.0135229,0.0146865,0.0102568,0.0189141,0.252507
img_04427.jpg,0.400359,0.0245771,0.0130619,0.0115883,0.00762199,0.0368787,0.00755154,0.498361
img_00927.jpg,0.00416076,0.00218991,0.000616813,0.000565246,0.000135114,0.0015231,0.000768415,0.990041
img_03718.jpg,0.974786,0.00399923,0.000972542,0.000858938,0.000235672,0.0025235,0.000746203,0.0158781
img_04726.jpg,0.0157129,0.0024236,0.0225009,0.00547186,0.84737,0.0583778,0.000964138,0.0471788
img_05838.jpg,0.552121,0.154436,0.0133829,0.0170146,0.0358318,0.129136,0.0370057,0.0610718
img_00102.jpg,0.0391475,0.0037911,0.000933009,0.0016144,0.000138456,0.00290434,0.00418149,0.94729
img_06851.jpg,0.0922308,0.0021284,0.0105012,0.00227565,0.0118328,0.389003,0.417426,0.0746023
img_00889.jpg,0.806619,0.0080826,0.0377486,0.0077102,0.0117307,0.0260884,0.0124006,0.0896195
img_05584.jpg,0.944605,0.016574,0.00720395,0.00599703,0.00307642,0.00901951,0.00125362,0.0122701
img_04629.jpg,0.930894,0.0120155,0.00259143,0.00144157,0.00260007,0.0223664,0.013431,0.0146605
img_05682.jpg,0.0812346,0.032717,0.00573676,0.0314167,0.0100446,0.057809,0.584591,0.196451
img_01537.jpg,0.734188,0.0158638,0.00891071,0.00639205,0.0868792,0.128238,0.0145906,0.00493835
img_07460.jpg,0.74868,0.00925283,0.00722917,0.00315449,0.00889328,0.115492,0.00286138,0.104437
img_02943.jpg,0.706138,0.0159603,0.0687075,0.0332375,0.00384291,0.0550095,0.00653407,0.110571
img_01647.jpg,2.8799e-07,2.53335e-07,4.05599e-05,0.000280725,0.998436,2.03833e-05,0.00122128,2.46449e-07
img_03853.jpg,0.927969,0.0288656,0.00181195,0.00386098,0.000356368,0.0224625,0.00154402,0.0131295
img_02398.jpg,0.888615,0.0450999,0.0014426,0.00244194,0.000273481,0.00693454,0.000466542,0.0547258
img_07045.jpg,0.641789,0.0229772,0.00288443,0.00498066,0.00889115,0.00358321,0.00319061,0.311703
img_04949.jpg,0.120993,0.209384,0.0147073,0.00659209,0.0062306,0.0163193,0.545196,0.0805774
img_05059.jpg,0.00406954,0.000650976,0.0361187,0.00831068,0.917844,0.0276469,0.00161597,0.00374343
img_06137.jpg,0.00181964,0.0183762,0.0620083,0.0333302,0.00625017,0.00539653,0.0171379,0.855681
img_05558.jpg,0.850332,0.00630308,0.0024697,0.000965208,0.000570243,0.0263943,0.0040821,0.108884
img_00598.jpg,0.822595,0.0415699,0.016383,0.0298744,0.00606916,0.0578476,0.00267133,0.02299
img_07538.jpg,0.383015,0.00535536,0.00764689,0.0186637,0.00568166,0.0478878,0.421199,0.110551
img_03867.jpg,1.67884e-21,2.01322e-10,5.85807e-05,0.0051472,0.994094,2.86294e-08,0.000700209,2.19162e-15
img_03260.jpg,0.955621,0.00697678,0.00245509,0.00240247,0.000736723,0.0216311,0.000737039,0.00943986
img_05953.jpg,0.284474,0.0755533,0.0278117,0.00922002,0.0113773,0.18398,0.028333,0.37925
img_00164.jpg,2.43991e-07,8.57273e-07,5.51159e-05,0.000156784,0.999699,2.82648e-05,5.96298e-05,1.95139e-07
img_05882.jpg,0.574125,0.0193071,0.00507704,0.00432767,0.00222704,0.11187,0.0114154,0.271651
img_00432.jpg,0.738266,0.00961287,0.0120148,0.00155003,0.00704523,0.209911,0.00482311,0.0167771
img_01552.jpg,0.939365,0.0136965,0.0101237,0.00139269,0.00428774,0.0114054,0.00935313,0.0103756
img_02956.jpg,0.235235,0.0420266,0.019938,0.0151193,0.114442,0.0240577,0.0496634,0.499518
img_01379.jpg,0.741386,0.0688568,0.0207238,0.00443651,0.00390324,0.0993739,0.00189632,0.0594231
img_03426.jpg,0.907304,0.00509197,0.0228863,0.018635,0.00045658,0.00233466,0.00149395,0.0417977
img_00718.jpg,0.813393,0.0204793,0.0290521,0.00757761,0.00601764,0.0383246,0.00244842,0.082707
img_01593.jpg,0.118562,0.0250372,0.00218545,0.00410215,0.0011082,0.00563724,0.0559486,0.787419
img_05864.jpg,0.170647,0.0396549,0.0178255,0.00464762,0.0322256,0.517682,0.215119,0.00219806
img_04341.jpg,0.647199,0.233929,0.00581789,0.00121473,0.00439054,0.018232,0.0363817,0.0528354
img_04261.jpg,0.287445,0.516803,0.010913,0.0167222,0.00362466,0.00340944,0.00489875,0.156184
img_05393.jpg,0.0420894,0.322789,0.0170373,0.00455833,0.00279535,0.0115125,0.58162,0.0175981
img_05433.jpg,0.270266,0.0171437,0.0639582,0.00714529,0.0494101,0.460792,0.093825,0.0374595
img_06870.jpg,0.627359,0.271342,0.0107498,0.0127198,0.00393179,0.0141534,0.00314883,0.0565953
img_00950.jpg,1.75999e-05,0.000584758,0.00257111,0.00715626,0.966282,0.00178704,0.0215723,2.88869e-05
img_02749.jpg,0.089839,0.00700835,0.016671,0.829379,0.0115268,0.00723052,0.00791929,0.030426
img_00407.jpg,0.848908,0.00705669,0.00394917,0.00880495,0.00237736,0.0808554,0.00223291,0.0458151
img_02837.jpg,0.107279,0.229222,0.0815611,0.0747357,0.0372749,0.00712007,0.0347257,0.428081
img_05976.jpg,0.540906,0.0379004,0.0140613,0.0079681,0.00324543,0.091798,0.0152501,0.288871
img_00550.jpg,0.581725,0.0125942,0.0206819,0.00471069,0.0627356,0.284347,0.00910498,0.0241009
img_01328.jpg,0.787608,0.0989765,0.0040049,0.00566183,0.00419835,0.0341954,0.0141398,0.051215
img_03809.jpg,0.0261043,0.0752755,0.0503459,0.00329259,0.0636775,0.100034,0.642031,0.0392399
img_04221.jpg,0.945675,0.0101408,0.00129808,0.0106408,0.0011319,0.00646148,0.000357848,0.0242939
img_03355.jpg,0.923134,0.00885436,0.00350717,0.00312308,0.00119324,0.0173628,0.00159059,0.0412351
img_02074.jpg,0.935011,0.00236725,0.0016316,0.00176812,0.000843926,0.0322877,0.000757568,0.0253333
img_05754.jpg,0.0838328,0.0396105,0.0050144,0.00828331,0.0468096,0.771591,0.0415862,0.00327264
img_01681.jpg,0.498982,0.0181878,0.0105005,0.0298969,0.000707793,0.00349899,0.0293632,0.408863
img_07050.jpg,0.000820953,0.00423136,0.0159562,0.965779,0.00466539,0.00362271,0.00104023,0.0038839
img_06549.jpg,0.90744,0.0365394,0.00363579,0.00638929,0.00209393,0.0337166,0.00103442,0.00915096
img_00009.jpg,0.879762,0.0502964,0.00447673,0.00144391,0.000426002,0.00643336,0.000570663,0.0565911
img_06756.jpg,0.988451,0.00558934,0.000505072,0.000319956,0.00011374,0.00295061,7.01512e-05,0.00199962
img_06189.jpg,0.844643,0.104785,0.00400286,0.00974814,0.00108405,0.00599861,0.00292313,0.0268159
img_07448.jpg,0.59157,0.0286309,0.0565933,0.00637515,0.0307088,0.182899,0.0212295,0.0819934
img_03924.jpg,0.371939,0.00478825,0.0587974,0.00548761,0.191117,0.108053,0.00136381,0.258454
img_07375.jpg,0.502118,0.0197076,0.0976873,0.029238,0.0257071,0.128966,0.0545411,0.142035
img_04118.jpg,0.480007,0.0567499,0.00799463,0.0108551,0.143739,0.123682,0.151698,0.0252755
img_06211.jpg,0.816054,0.0302538,0.015853,0.0509598,0.00116879,0.028366,0.0158293,0.0415155
img_00716.jpg,0.0541733,0.190706,0.0272204,0.0180908,0.113228,0.174277,0.130228,0.292076
img_05264.jpg,2.00291e-05,0.0309481,0.196488,0.00502644,0.0364007,0.0097135,0.0430748,0.678329
img_03547.jpg,0.538188,0.401618,0.0115416,0.0154535,0.00314001,0.00546607,0.00290272,0.0216895
img_05147.jpg,0.000724712,0.0129076,0.0235734,0.914659,0.00816194,0.0036755,0.0020575,0.0342402
img_05438.jpg,0.412686,0.00753822,0.00219373,0.00199627,0.00408352,0.563623,0.00716999,0.000708963
img_02954.jpg,0.000187437,7.41167e-05,0.00319992,0.00258168,0.986805,0.00359065,0.00338128,0.000180334
img_04310.jpg,0.922836,0.0247465,0.0100129,0.0122307,0.00212425,0.0119857,0.00136124,0.014703
img_01825.jpg,1.49315e-05,3.90372e-06,0.00141316,0.00160174,0.992664,9.83689e-05,0.00417601,2.76018e-05
img_01616.jpg,0.411792,0.265656,0.00972558,0.00178239,0.000776952,0.00836198,0.025394,0.276511
img_00664.jpg,0.928173,0.0245997,0.000867904,0.0010417,0.000407741,0.00221328,0.000414717,0.0422818
img_03967.jpg,0.849141,0.0382746,0.00439151,0.00542134,0.00154031,0.00448902,0.00359337,0.0931493
img_02124.jpg,0.0030071,0.00213769,0.001668,0.00131229,0.00638804,0.978459,0.00580616,0.00122136
img_03584.jpg,1.99321e-08,0.0109221,0.0405181,0.000183242,0.000372915,0.000416648,0.000484702,0.947102
img_00180.jpg,0.0168473,0.000985978,0.000131205,0.00542761,2.94682e-05,9.61478e-05,0.000358044,0.976124
img_03140.jpg,0.816106,0.0439837,0.00234603,0.00485004,0.00110952,0.00112152,0.0010912,0.129392
img_06616.jpg,0.94813,0.00790415,0.00243363,0.00283549,0.000807352,0.0106388,0.000842991,0.0264075
img_06975.jpg,0.912935,0.00513939,0.00952823,0.00107537,0.00170737,0.0554159,0.00173376,0.0124653
img_06947.jpg,6.16162e-19,5.35299e-12,1.23399e-05,0.000283582,0.999659,5.35593e-09,4.55169e-05,1.07536e-13
img_06734.jpg,0.203911,0.165017,0.00809221,0.0250875,0.0142993,0.00956406,0.0151224,0.558907
img_04723.jpg,0.000589866,0.00298194,0.0557503,0.00168349,0.00545734,0.00140973,0.00481216,0.927315
img_00272.jpg,0.891408,0.00975214,0.0106955,0.0538893,0.00375526,0.0229026,0.00147644,0.00612096
img_06614.jpg,0.400919,0.0135828,0.0292739,0.402771,0.00811617,0.00590187,0.0115122,0.127923
img_01562.jpg,0.719666,0.0173827,0.00281681,0.0045091,0.00235972,0.0227775,0.00749153,0.222996
img_04138.jpg,5.51838e-13,3.76657e-07,0.000397888,0.00757575,0.987748,8.25284e-06,0.00426963,3.91e-10
img_00584.jpg,0.781104,0.0127689,0.0399182,0.0121378,0.0112516,0.0477936,0.0147705,0.0802551
img_03825.jpg,0.955045,0.0291305,0.000790133,0.00179106,0.00047527,0.00945727,0.000322834,0.00298762
img_02372.jpg,1.00788e-14,8.59107e-08,0.000637592,0.0113407,0.987629,2.03939e-05,0.000372676,4.37374e-11
img_00816.jpg,0.274252,0.0117492,0.00367182,0.0013593,0.00163517,0.0140574,0.00231054,0.690965
img_07270.jpg,1.44253e-07,6.95385e-07,0.00265273,0.0142206,0.979141,0.000440134,0.00354362,8.13387e-07
img_06349.jpg,0.0269247,0.000424533,0.00536535,0.000479671,0.0421137,0.0306837,0.000212815,0.893796
img_05743.jpg,0.602708,0.0364656,0.0279798,0.0187061,0.0301991,0.182841,0.0118627,0.0892375
img_00591.jpg,0.000112153,0.0016593,9.85496e-05,0.000353611,2.97154e-05,0.000231989,0.00159543,0.995919
img_01688.jpg,1.08963e-05,0.00777912,0.000215099,0.000360665,0.000228892,0.000145108,0.0103893,0.980871
img_04671.jpg,0.790073,0.00527795,0.00442067,0.00431804,0.00126076,0.0910497,0.0163047,0.0872954
img_00654.jpg,0.642628,0.013449,0.0169164,0.0113871,0.00651016,0.0329962,0.00376559,0.272348
img_01511.jpg,0.588753,0.107702,0.0438553,0.0123131,0.0175919,0.109825,0.0304539,0.0895061
img_02679.jpg,0.000562958,0.0347155,0.0179053,0.0253428,0.828718,0.004422,0.0284982,0.0598356
img_02406.jpg,0.281007,0.0170626,0.0536359,0.536081,0.0137891,0.0116697,0.0130008,0.0737532
img_07578.jpg,2.88557e-05,0.433287,0.0996293,0.010099,0.00285953,0.002321,0.00745611,0.444319
img_06832.jpg,0.104898,0.0538985,0.0164292,0.0884271,0.00211338,0.00243102,0.000910424,0.730893
img_00724.jpg,0.000106581,0.0129447,0.0933488,0.0125397,0.0319043,0.0021019,0.457124,0.38993
img_07746.jpg,0.00877891,0.0130512,0.00188699,0.000446051,0.00109758,0.950553,0.0199872,0.00419919
img_05568.jpg,0.935839,0.00746877,0.00516073,0.013344,0.000204367,0.000889083,0.000607136,0.0364872
img_06237.jpg,1.74866e-12,1.57954e-07,0.000731405,0.00776154,0.990007,4.12406e-06,0.00149554,1.94437e-10
img_01571.jpg,0.857653,0.0204355,0.00264324,0.0011587,0.00106684,0.00284469,0.0221456,0.0920524
img_06899.jpg,4.20695e-06,5.06164e-05,0.000367631,0.00421838,0.992499,0.000499865,0.00235557,4.30343e-06
img_07103.jpg,0.964578,0.0144298,0.00206029,0.00619974,0.00257952,0.00248394,0.000999443,0.00666944
img_01505.jpg,0.0400266,0.00249188,0.0359627,0.00497172,0.090358,0.0696553,0.000257606,0.756276
img_03837.jpg,0.872351,0.0251104,0.000817015,0.00535896,0.00550179,0.0290848,0.00295663,0.0588196
img_01377.jpg,0.596711,0.114776,0.029313,0.00913344,0.0587868,0.0928167,0.0184966,0.0799661
img_05587.jpg,1.21462e-11,1.49562e-06,0.00211464,0.0165102,0.974868,7.61207e-05,0.00642953,2.41489e-09
img_02764.jpg,0.925721,0.00917766,0.00492673,0.0011305,0.0312784,0.00539251,0.00207413,0.0202992
img_00027.jpg,0.30927,0.0319422,0.0257857,0.00993469,0.00503996,0.167873,0.0757506,0.374404
img_06673.jpg,0.921096,0.00497114,0.00689992,0.00431354,0.00949679,0.00920447,0.0252238,0.0187942
img_03283.jpg,0.0204992,0.0341428,0.00238678,0.0171765,0.000627659,0.00129042,0.002783,0.921094
img_03223.jpg,0.0386745,0.401533,0.0853293,0.0466399,0.0479996,0.00378625,0.0163805,0.359657
img_02384.jpg,0.690448,0.0136889,0.00416601,0.0019847,0.00171511,0.0693865,0.0164495,0.202161
img_00374.jpg,0.281388,0.315405,0.0165627,0.0162509,0.00357773,0.0330178,0.0349001,0.298898
img_06986.jpg,0.791563,0.0911353,0.00457849,0.00979806,0.00855513,0.0758385,0.00676948,0.0117623
img_07231.jpg,0.416877,0.396622,0.00876682,0.0117074,0.00365084,0.00469792,0.00264039,0.155038
img_02347.jpg,0.959165,0.00285914,0.000469199,0.00110407,0.00807207,0.0269721,0.000690277,0.000668318
img_03399.jpg,0.382185,0.00579811,0.00151206,0.00218816,0.0027711,0.601283,0.00393633,0.00032691
img_04408.jpg,0.390215,0.4839,0.0153057,0.0312768,0.00594975,0.00626094,0.00453695,0.0625541
img_03869.jpg,0.817487,0.0342046,0.00628607,0.00246974,0.0057211,0.126478,0.00428916,0.00306419
img_02307.jpg,0.771376,0.0174027,0.0096258,0.0114715,0.0164791,0.074735,0.0137532,0.0851569
img_04835.jpg,0.5075,0.162028,0.00289504,0.0068126,0.00245125,0.29484,0.00406552,0.0194072
img_04712.jpg,0.741406,0.0194017,0.0352046,0.0181273,0.00587376,0.0297732,0.022647,0.127567
img_06892.jpg,0.979872,0.00538531,0.00046868,0.000489512,0.000179831,0.005919,0.00265887,0.00502644
img_00780.jpg,0.0326577,0.0507924,0.00644132,0.00366374,0.00685205,0.00560069,0.0611955,0.832797
img_04271.jpg,1.97478e-26,1.46564e-13,5.85716e-06,0.000671357,0.999086,2.37705e-10,0.000236288,1.97941e-18
img_01716.jpg,0.0356405,0.00269084,0.0380955,0.00493406,0.685002,0.152139,0.0013606,0.0801375
img_03440.jpg,0.000990665,0.110303,0.00434475,0.00217753,0.000668943,0.000733584,0.0044024,0.876379
img_05426.jpg,0.00414128,0.0236432,0.0173371,0.920671,0.00229598,0.00388537,0.000789935,0.027236
img_03952.jpg,0.714841,0.022346,0.00258078,0.0102443,0.00957855,0.180086,0.00597976,0.0543436
img_07508.jpg,0.0045367,0.0360189,0.00477897,0.00381718,0.00203284,0.000684013,0.0555301,0.892601
img_00914.jpg,6.04768e-08,0.0178528,0.0032469,0.000220086,8.98287e-05,3.20131e-05,0.000248516,0.97831
img_00642.jpg,0.0012408,0.0102877,0.0204385,0.942774,0.00306881,0.00646643,0.00123956,0.014484
img_00442.jpg,0.000250819,0.00579465,0.00150208,0.000662595,4.85894e-05,8.7862e-05,0.00392279,0.987731
img_05813.jpg,0.0149614,0.0392394,0.000349438,0.00192094,9.20154e-05,0.000422579,0.000264303,0.94275
img_06311.jpg,0.969832,0.00983325,0.000812326,0.00237618,0.00246508,0.0109816,0.00221064,0.00148925
img_02607.jpg,0.0953254,0.00427603,0.0407104,0.0186194,0.7201,0.0560976,0.0304416,0.034429
img_00005.jpg,0.563481,0.00756846,0.00634047,0.002565,0.215756,0.187306,0.00399711,0.0129858
img_01963.jpg,0.97745,0.00300251,0.00282256,0.00538709,0.000932586,0.00116411,0.00138793,0.00785301
img_06806.jpg,0.0321548,0.684132,0.00826058,0.00705847,0.00856967,0.00351104,0.00275564,0.253558
img_00612.jpg,0.707528,0.0363743,0.0014723,0.00518771,0.00294842,0.0871065,0.00704587,0.152337
img_06642.jpg,0.300338,0.02398,0.00526941,0.00603261,0.00386748,0.00581319,0.0085247,0.646174
img_00487.jpg,7.74296e-28,1.44108e-14,1.74674e-06,3.58357e-05,0.999951,2.81774e-12,1.12621e-05,4.66272e-17
img_05095.jpg,0.857026,0.0700857,0.00604356,0.0061155,0.00282308,0.0168156,0.0035069,0.0375838
img_00858.jpg,0.995483,0.000543454,0.000105983,0.000132133,0.00133197,0.00151611,0.000140721,0.000746873
img_07352.jpg,0.761432,0.0730933,0.0137756,0.0298443,0.0523641,0.0149412,0.0385453,0.0160039
img_02648.jpg,0.00601624,0.0135921,0.0149461,0.0057393,0.014653,0.012033,0.00559974,0.92742
img_01142.jpg,0.918008,0.0117804,0.00303106,0.00273639,0.0080404,0.0376905,0.010765,0.00794828
img_06475.jpg,0.757426,0.0169415,0.00356129,0.00482254,0.001014,0.0282352,0.00998671,0.178013
img_00723.jpg,9.88866e-18,6.54613e-11,2.82582e-05,9.69111e-05,0.99966,2.89984e-09,0.000214892,1.43831e-11
img_01188.jpg,0.00530234,0.0331432,0.0102875,0.00479426,0.00212252,0.868203,0.0294117,0.0467353
img_03928.jpg,0.706205,0.0490816,0.0192597,0.0201951,0.00545416,0.0348155,0.103552,0.0614366
img_03929.jpg,0.0994206,0.282521,0.0618005,0.0330987,0.0124332,0.367455,0.0234732,0.119797
img_07621.jpg,0.613894,0.00689945,0.00231911,0.00498102,0.000612079,0.0103977,0.00602991,0.354867
img_02299.jpg,0.888186,0.0308107,0.00376301,0.0116286,0.000969997,0.0161821,0.00330576,0.0451535
img_05016.jpg,0.938792,0.00194612,0.000702151,0.000472606,0.000893759,0.0187981,0.000373953,0.0380215
img_01918.jpg,0.037716,0.0280498,0.0110607,0.639261,0.00339643,0.00224572,0.00471791,0.273552
img_03471.jpg,0.0165252,0.0321904,0.013431,0.750598,0.00286326,0.00250733,0.00652858,0.175356
img_06203.jpg,0.773907,0.0285565,0.0289614,0.016335,0.00981873,0.122947,0.00916348,0.0103108
img_02799.jpg,0.949566,0.029565,0.00162608,0.00465445,0.00299902,0.00287753,0.0011534,0.00755915
img_01211.jpg,0.937769,0.0390288,0.00557566,0.00208491,0.000958265,0.00405119,0.00175816,0.00877396
img_04476.jpg,0.0202224,0.00885698,0.0486474,0.00405835,0.0104914,0.0232422,0.675731,0.20875
img_02507.jpg,0.330129,0.090959,0.0598886,0.00972225,0.0408733,0.172095,0.0130265,0.283307
img_03231.jpg,0.967744,0.00656178,0.0052624,0.00731288,0.00187159,0.00777994,0.000308923,0.003158
img_05471.jpg,0.476441,0.0308052,0.0273094,0.0220372,0.00951552,0.103817,0.0741523,0.255922
img_06798.jpg,0.884614,0.0883316,0.00145717,0.0075294,0.00116844,0.00439864,0.00326974,0.00923094
img_04546.jpg,0.00212842,0.0459677,0.0140203,0.000803156,0.0394296,0.00465975,0.0385708,0.85442
img_05857.jpg,0.859872,0.0226608,0.0109326,0.0113203,0.00774662,0.0257294,0.00512972,0.0566086
img_04024.jpg,0.806812,0.0084155,0.00487963,0.0045538,0.00150401,0.0928813,0.0241167,0.0568367
img_06037.jpg,0.680157,0.0640306,0.0102119,0.00396425,0.000930633,0.0214738,0.0169006,0.202331
img_03228.jpg,0.9603,0.0266315,0.00126902,0.00449111,0.00029939,0.0023901,0.00023496,0.00438373
img_05948.jpg,0.886127,0.0111356,0.000791277,0.000641547,0.00167185,0.0721434,0.00205459,0.0254348
img_05721.jpg,0.518656,0.0107587,0.0239626,0.00899488,0.0164166,0.0431108,0.016863,0.361237
img_03931.jpg,0.0940577,0.0203621,0.0405162,0.191589,0.396953,0.0253086,0.0979813,0.133233
img_02309.jpg,0.946982,0.0103607,0.0145839,0.00595794,0.00415145,0.0062088,0.00329199,0.00846291
img_00446.jpg,0.929372,0.0112432,0.00107089,0.00324342,0.00234707,0.0480761,0.00221393,0.0024339
img_04991.jpg,0.000101133,0.00159213,0.0146327,0.000439734,0.022409,0.916766,0.0438932,0.000165901
img_00375.jpg,0.279408,0.0313948,0.0975476,0.00217567,0.0274937,0.509399,0.0284231,0.0241588
img_06921.jpg,0.359295,0.00772837,0.00922644,0.00698807,0.00911861,0.208991,0.00899925,0.389653
img_05139.jpg,0.661525,0.00856452,0.0715464,0.00856234,0.00915145,0.0681012,0.0273412,0.145208
img_06273.jpg,0.895507,0.0422837,0.00321905,0.00347093,0.00132757,0.0425891,0.00130879,0.0102939
img_06732.jpg,0.989103,0.00646023,0.000532555,0.000310301,0.000239579,0.00115463,0.000661872,0.00153725
img_02146.jpg,0.725519,0.0247105,0.0149763,0.0102163,0.0296535,0.0342826,0.00231254,0.158329
img_04419.jpg,1.83902e-15,9.19624e-09,4.90037e-05,0.000331951,0.99952,1.87544e-07,9.86771e-05,4.35771e-11
img_03454.jpg,0.0571624,0.00839136,0.0420164,0.00653395,0.451643,0.110627,0.214428,0.109198
img_07561.jpg,0.613169,0.00530002,0.00912154,0.00662937,0.0356162,0.324106,0.00468205,0.00137564
img_03677.jpg,0.770038,0.131855,0.0081357,0.00712133,0.00253222,0.0207581,0.00308259,0.0564774
img_01444.jpg,0.31995,0.033711,0.0042945,0.00406366,0.00115684,0.022892,0.016047,0.597885
img_06003.jpg,0.962702,0.0105807,0.00175428,0.00138044,0.00529123,0.0118463,0.000477884,0.00596734
img_01976.jpg,0.955151,0.00642111,0.00118426,0.00245771,0.00301325,0.00786101,0.000621466,0.02329
img_07594.jpg,0.578886,0.0178673,0.00326402,0.00225467,0.00471319,0.0398317,0.0537152,0.299468
img_00575.jpg,0.589149,0.00882523,0.0041489,0.00183271,0.00149114,0.0422063,0.0185104,0.333836
img_06807.jpg,5.43851e-05,4.96467e-05,0.00125341,0.00195675,0.987926,0.00106327,0.00769247,4.01179e-06
img_06559.jpg,1.89862e-10,7.53257e-06,0.000734034,0.00417105,0.992719,1.1791e-05,0.00235687,2.10151e-08
img_06748.jpg,6.6377e-05,0.0611628,0.0983559,0.0130055,0.00853927,0.00276507,0.00374745,0.812358
img_06373.jpg,0.00480953,0.00376399,0.267693,0.0241218,0.0361626,0.0210821,0.0271671,0.6152
img_06541.jpg,0.866916,0.00905396,0.00302721,0.00151067,0.102514,0.00710865,0.00608726,0.00378273
img_00152.jpg,0.00646531,0.0103525,0.0172692,0.00133396,0.00773522,0.00373503,0.0790909,0.874018
img_02416.jpg,0.973362,0.00730108,0.00150539,0.00628421,0.00195602,0.000407095,0.000429637,0.00875489
img_06010.jpg,0.334336,0.00697355,0.00802525,0.00690851,0.000353187,0.00311163,0.0881306,0.552161
img_02209.jpg,0.00608251,0.00114091,0.000913392,0.000770179,0.00404135,0.982554,0.00408009,0.00041736
img_05718.jpg,0.0216971,0.283894,0.045966,0.0359916,0.00973109,0.361138,0.0118643,0.229718
img_00837.jpg,0.915626,0.0252201,0.00110567,0.000948064,0.0038783,0.0494509,0.00298074,0.000790653
img_03670.jpg,0.351816,0.0363846,0.0194488,0.00400683,0.0116519,0.0383369,0.077465,0.46089
img_06522.jpg,0.150149,0.000865732,5.82907e-05,0.000220444,3.74382e-05,0.000257458,0.000287426,0.848124
img_03847.jpg,0.00698218,0.022566,0.00388592,0.00252916,0.0054443,0.942556,0.0115426,0.00449425
img_01595.jpg,0.00127397,0.0167798,0.331509,0.00973658,0.0771087,0.0040239,0.0317036,0.527864
img_05492.jpg,0.000124217,0.00570382,0.00639647,0.000886824,0.000312572,0.000299415,0.000348295,0.985928
img_00398.jpg,0.965924,0.0102619,0.00211757,0.00212966,0.000391851,0.00798612,0.000932269,0.010257
img_05068.jpg,0.801401,0.106999,0.00234203,0.0029022,0.000684714,0.0106572,0.00281305,0.0722012
img_01022.jpg,0.992151,0.00210834,0.000367185,0.000615441,0.000105562,0.00372487,7.04777e-05,0.00085753
img_04603.jpg,0.932507,0.0053173,0.00476962,0.00155321,0.0101741,0.0382098,0.00106594,0.00640291
img_04657.jpg,0.390009,0.0120305,0.0947535,0.00539317,0.0138246,0.432699,0.0424639,0.00882643
img_06238.jpg,5.25729e-10,4.70198e-07,6.88923e-06,0.000110375,0.999831,1.24324e-06,4.95866e-05,8.20168e-09
img_05378.jpg,0.749028,0.0160218,0.00627259,0.00622601,0.13664,0.00918214,0.00935334,0.0672764
img_07191.jpg,0.378022,0.00982709,0.0227246,0.00668598,0.235309,0.259577,0.0255772,0.062277
img_07068.jpg,0.21274,0.288885,0.0124869,0.0116642,0.0282162,0.186574,0.0683304,0.191103
img_03238.jpg,0.703606,0.00406462,0.0118238,0.00194531,0.00142006,0.219941,0.0207708,0.0364277
img_00855.jpg,0.457022,0.323637,0.00679149,0.0529351,0.00812546,0.0167841,0.00396783,0.130737
img_01802.jpg,0.151684,0.0242352,0.0359299,0.17783,0.362258,0.0254327,0.0633111,0.15932
img_05479.jpg,0.929807,0.00840447,0.00852339,0.00722906,0.000546684,0.0229532,0.00235227,0.0201841
img_03370.jpg,0.934974,0.00102627,0.00813802,0.000952534,0.00206732,0.0269461,0.0043412,0.0215547
img_01431.jpg,0.00112974,0.00615061,0.0199721,0.96492,0.00186858,0.0020522,0.000585828,0.00332095
img_06318.jpg,0.0386879,0.00934578,0.00936546,0.0034226,0.00143182,0.0211204,0.00587101,0.910755
img_04705.jpg,1.59219e-08,0.00277409,0.00133763,5.27983e-05,2.7369e-05,5.3867e-05,0.000384403,0.99537
img_02082.jpg,0.0214843,0.0169376,0.0256791,0.0339639,0.712169,0.155713,0.0243603,0.00969307
img_02789.jpg,0.00101704,0.00192784,0.00578826,0.0102075,0.946377,0.016495,0.0177092,0.00047857
img_05835.jpg,0.96902,0.00861761,0.00171311,0.00214492,0.0053833,0.00426384,0.000464865,0.00839279
img_06067.jpg,6.2473e-05,0.00465162,0.91479,0.00241708,0.00166849,0.0116375,0.0257995,0.038973
img_04405.jpg,0.56,0.0228438,0.00419004,0.0132138,0.00362822,0.0246435,0.0110835,0.360398
img_03270.jpg,0.0044672,0.001917,0.000419188,0.00638054,0.000137442,0.000164758,0.00162137,0.984893
img_02379.jpg,0.0807434,0.02681,0.018365,0.0909628,0.0139801,0.0188513,0.0220528,0.728235
img_02522.jpg,0.850769,0.0848549,0.00535666,0.004473,0.00219694,0.0238324,0.00158869,0.0269283
img_02916.jpg,0.764629,0.0121164,0.00767438,0.00530477,0.0870145,0.102084,0.0184279,0.0027489
img_05615.jpg,0.920923,0.0387437,0.00328635,0.00309241,0.00103427,0.0104557,0.0027395,0.0197247
img_02486.jpg,0.943859,0.0377942,0.00223963,0.00285578,0.000703369,0.00790883,0.00135052,0.00328828
img_01179.jpg,0.993431,0.000867436,0.000314026,0.000212598,0.000237306,0.00322507,5.05373e-05,0.00166203
img_02811.jpg,0.953221,0.00419904,0.0034713,0.00243166,0.00109426,0.016894,0.000824523,0.0178643
img_06849.jpg,0.90973,0.00101897,0.0105669,0.0017644,0.00169488,0.0113418,0.00900986,0.0548728
img_06698.jpg,0.318365,0.0191696,0.1017,0.0166087,0.0276552,0.264958,0.129527,0.122015
img_03520.jpg,0.992294,0.00112438,0.000151011,0.00042972,8.6837e-05,0.000854907,8.25977e-05,0.00497644
img_05440.jpg,0.950426,0.010547,0.000841128,0.00181205,0.00130202,0.00924609,0.00039958,0.0254263
img_06663.jpg,0.001537,0.0110844,0.0191939,0.937927,0.00731933,0.00624793,0.00116626,0.0155244
img_01495.jpg,0.224645,0.123495,0.00702668,0.0067005,0.0044819,0.00982217,0.00501718,0.618811
img_01995.jpg,0.0260562,0.159714,0.0615948,0.0656211,0.0109813,0.38041,0.0125791,0.283043
img_04115.jpg,0.909417,0.00191319,0.000993957,0.00171771,0.000537368,0.00612255,0.00244061,0.0768576
img_05488.jpg,0.671411,0.22453,0.00151013,0.00625846,0.00763309,0.0441959,0.00966728,0.0347942
img_06555.jpg,0.938434,0.0201728,0.00139589,0.0052401,0.00730399,0.0112758,0.00130033,0.014877
img_05775.jpg,0.943897,0.0401987,0.00109214,0.00220622,0.000428716,0.00348222,0.00142793,0.00726684
img_05915.jpg,0.00375274,0.0197183,0.0112716,0.00377187,0.00116231,0.00111779,0.0203776,0.938828
img_06939.jpg,0.722747,0.0280629,0.0145086,0.0212414,0.0250379,0.0402508,0.126912,0.0212399
img_03996.jpg,0.65878,0.0852107,0.0119134,0.057025,0.0125673,0.0361232,0.0217775,0.116603
img_00760.jpg,0.000584244,0.00258072,0.0075162,0.982911,0.00122286,0.000832657,0.000831576,0.00352042
img_00232.jpg,0.000498247,0.00535159,0.00580105,0.0131148,0.440512,0.00398041,0.527921,0.00282065
img_04959.jpg,0.714574,0.0157806,0.0106724,0.00577428,0.00465696,0.0675103,0.00242261,0.178609
img_07467.jpg,0.967897,0.0170131,0.00208594,0.0030116,0.00111643,0.000960731,0.000648425,0.00726684
img_06859.jpg,0.123493,0.0614613,0.128888,0.00839595,0.199051,0.212417,0.0341594,0.232134
img_05284.jpg,0.870643,0.0200805,0.0040896,0.00537264,0.00779135,0.028802,0.00798304,0.0552375
img_06038.jpg,0.263684,0.177216,0.0437812,0.0883299,0.024798,0.0424398,0.0584234,0.301327
img_03290.jpg,0.000350376,0.000380074,0.000151422,6.80443e-05,1.07794e-05,0.000174344,0.000493363,0.998372
img_03764.jpg,0.131782,0.0777728,0.00703044,0.00551894,0.00351185,0.0131333,0.0270505,0.7342
img_02993.jpg,0.00259796,0.0258069,0.00908113,0.00040712,0.0105218,0.000877637,0.0100703,0.940637
img_06332.jpg,0.0104006,0.055568,0.00650842,0.00344352,0.00234217,0.00436064,0.158812,0.758565
img_04036.jpg,0.916803,0.0016451,0.00233001,0.001027,0.00131895,0.0075612,0.00168829,0.0676265
img_04425.jpg,0.681401,0.0508534,0.0106267,0.0173609,0.0141708,0.117602,0.0155771,0.0924089
img_06345.jpg,0.417018,0.0090275,0.00295903,0.0228831,0.00099381,0.00311246,0.0117486,0.532258
