image,ALB,BET,DOL,LAG,NoF,OTHER,SHARK,YFT
img_00876.jpg,0.000431351,0.000143942,0.00190437,0.00395656,0.97809,0.0149429,0.000502838,2.75761e-05
img_01059.jpg,0.053697,0.0545492,0.00372307,0.000260624,0.413667,0.0246035,0.0301913,0.419309
img_02834.jpg,0.185339,0.440388,0.00791276,9.24976e-05,0.0142886,0.319605,0.0202938,0.0120805
img_03941.jpg,0.00476158,0.00598407,0.00154304,0.000854771,0.952147,0.0272434,0.00742163,4.40321e-05
img_05137.jpg,0.252495,0.0599109,0.0124207,0.000931895,0.0276419,0.618468,0.0227359,0.00539479
img_05434.jpg,0.00077196,0.00036013,0.0024437,0.00413269,0.982666,0.00885645,0.00070202,6.69927e-05
img_01249.jpg,0.00057224,0.000376547,0.00213556,0.0031557,0.985501,0.00745493,0.000739859,6.41333e-05
img_01116.jpg,0.012379,0.0105631,0.00301887,0.00183451,0.938795,0.0262429,0.00695613,0.000210885
img_04130.jpg,0.00409557,0.00284084,0.000453164,0.000251453,0.985601,0.00592496,0.000414467,0.000418706
img_06021.jpg,0.00127756,0.198852,0.0568916,0.00036871,0.70227,0.0131129,0.0227824,0.00444449
img_05657.jpg,0.00202243,0.000194264,0.00614819,0.00454365,0.982906,0.0019094,0.00202783,0.000248322
img_03627.jpg,0.0298565,0.134847,0.0193518,0.00352055,0.708072,0.0764963,0.0252581,0.00259677
img_00765.jpg,0.00504527,0.0266092,0.0016245,0.004269,0.0183015,0.915836,0.0226968,0.00561814
img_04127.jpg,0.193209,0.614103,0.0229464,0.000671671,0.0343492,0.0816855,0.0321001,0.0209351
img_06368.jpg,0.00283781,0.00176066,0.00246694,0.000286278,0.980993,0.00717615,0.00405721,0.000421673
img_00469.jpg,0.782903,0.137327,0.00024729,0.000362278,0.00133031,0.00251749,0.00850587,0.0668061
img_04453.jpg,0.00196829,0.00228632,0.00387473,0.00568614,0.963621,0.0211923,0.00108871,0.00028268
img_03135.jpg,0.314329,0.342926,0.0013187,0.000275559,0.0508028,0.153595,0.00428325,0.13247
img_07436.jpg,0.00142483,0.0021924,0.0696833,0.00186797,0.484076,0.402728,0.0218149,0.0162127
img_07079.jpg,0.00211621,0.00107644,0.00220742,0.006952,0.961492,0.0244006,0.00163168,0.000124085
img_01847.jpg,0.0733184,0.0671433,0.000666995,0.000145433,0.0121407,0.0652199,0.00186588,0.779499
img_05489.jpg,0.124033,0.0706573,0.00836025,0.000633451,0.742833,0.0382065,0.014877,0.000399689
img_05755.jpg,0.00111667,0.000611345,0.00324335,0.00269589,0.976697,0.0121636,0.00339369,7.88947e-05
img_04586.jpg,0.000952205,0.000866013,0.00136287,0.0019624,0.983795,0.00945918,0.00154664,5.56624e-05
img_00959.jpg,0.0261601,0.0572932,0.00419432,0.00138589,0.885084,0.0185451,0.00714797,0.000189237
img_01541.jpg,0.0015175,0.000669834,0.00195501,0.00515415,0.97691,0.0127287,0.000981181,8.32376e-05
img_06860.jpg,0.000859509,0.00111786,0.00118391,0.00276395,0.931849,0.0614579,0.000372456,0.000395218
img_00648.jpg,0.240152,0.0478051,0.000203383,0.00017486,0.700572,0.00685195,0.000971008,0.00327014
img_01618.jpg,0.218423,0.240272,0.00593801,0.00270145,0.00400747,0.502907,0.0248794,0.000870492
img_05410.jpg,0.043929,0.00419248,0.0105806,0.000360277,0.0154232,0.0589703,0.0769497,0.789594
img_02656.jpg,0.450367,0.341307,0.00235929,0.00103017,0.169012,0.020411,0.0102024,0.00531041
img_03726.jpg,0.218479,0.306551,0.00455764,0.0142341,0.0751997,0.117556,0.0133082,0.250114
img_02231.jpg,0.000397533,0.000195604,0.00181063,0.00258701,0.989154,0.00530717,0.000499794,4.84821e-05
img_05292.jpg,0.101776,0.053296,0.0309307,0.00388996,0.00831172,0.486759,0.00720202,0.307834
img_02135.jpg,0.00127324,0.000922537,0.000651454,0.000464316,0.993706,0.00124218,0.00171906,2.15779e-05
img_05046.jpg,0.00705245,0.0526802,0.00553034,0.00180111,0.816769,0.110102,0.00594462,0.000120991
img_01632.jpg,0.00655313,0.00710497,0.00184707,0.000413426,0.944966,0.0248668,0.014103,0.000145333
img_02949.jpg,0.100992,0.406282,0.00349005,0.00105693,0.415996,0.0644851,0.00532668,0.0023706
img_04872.jpg,0.330282,0.16812,0.000836994,0.000313709,0.4404,0.0338317,0.0255868,0.000628488
img_04044.jpg,0.339246,0.118541,0.000104871,0.000816184,0.146563,0.390886,0.00259216,0.00125124
img_03080.jpg,0.0199179,0.880002,0.000334775,6.76221e-05,0.0920489,0.00309856,0.00416401,0.000365734
img_05336.jpg,0.391478,0.445737,0.00190145,0.000767119,0.0791219,0.0674755,0.0130417,0.000476722
img_04013.jpg,0.175348,0.361279,0.00324296,0.00718149,0.069223,0.176142,0.0163993,0.191184
img_05958.jpg,0.00591465,0.000538823,1.48809e-05,3.02361e-05,7.75016e-05,0.00213821,0.000942267,0.990343
img_07044.jpg,0.0173443,0.0366163,0.0156456,0.000253797,0.807592,0.0177009,0.0756853,0.0291616
img_05463.jpg,0.12254,0.0637906,0.0106703,0.00133521,0.00677508,0.064296,0.000537669,0.730055
img_00302.jpg,0.00151386,0.0049721,0.119941,0.00135668,0.339443,0.478174,0.0426528,0.0119463
img_07678.jpg,0.597241,0.309898,0.000128159,0.0135197,0.000805259,0.00143126,0.00104427,0.0759322
img_03199.jpg,0.0407394,0.0163786,0.00293255,0.00181559,0.00784318,0.521568,0.00308546,0.405638
img_03252.jpg,0.0124657,0.0404321,0.03022,0.00702147,0.882869,0.0127089,0.0127993,0.00148317
img_06637.jpg,0.000750793,0.000873125,0.00485693,0.00446705,0.976857,0.0108968,0.00121805,8.04936e-05
img_05673.jpg,0.00457101,0.00341538,0.00400559,0.0103895,0.915173,0.0581304,0.00374294,0.000572371
img_00697.jpg,0.0232158,0.333263,0.00961553,0.00049612,0.0343502,0.0697262,0.0179824,0.511351
img_04237.jpg,0.000292383,0.000168082,0.00380293,0.00272302,0.985765,0.00545262,0.00175185,4.3883e-05
img_02766.jpg,0.0272605,0.121304,0.0041897,0.000413179,0.644511,0.180694,0.0206928,0.000935299
img_02487.jpg,0.291507,0.257771,0.00872168,0.00174309,0.215744,0.0691859,0.0450845,0.110243
img_03222.jpg,0.38318,0.529169,0.000557257,0.00100955,0.0203253,0.0443874,0.0125731,0.00879776
img_05156.jpg,0.000195715,0.000148662,0.00237524,0.00149196,0.991809,0.0036542,0.000299774,2.59208e-05
img_05916.jpg,0.108951,0.301001,0.0043068,0.000417877,0.136998,0.0231769,0.0063363,0.418812
img_00417.jpg,0.354395,0.186202,0.00138821,0.000340785,0.0331655,0.00191525,0.000372427,0.422221
img_02479.jpg,0.00102192,0.000394833,0.0105933,0.00298335,0.932063,0.0510668,0.00164578,0.000230963
img_00773.jpg,0.000471802,0.000240036,0.00184044,0.00307156,0.987274,0.00651011,0.000532878,5.95393e-05
img_05260.jpg,0.116163,0.336048,0.00387567,0.00639293,0.398886,0.11778,0.0180285,0.00282618
img_07146.jpg,4.80542e-05,4.62429e-05,0.00225219,0.00149962,0.994314,0.00164086,0.000189822,9.22046e-06
img_04479.jpg,0.00171072,0.00550476,0.000870226,0.00196613,0.159702,0.783876,0.0457151,0.000654747
img_00244.jpg,0.0745858,0.403735,0.00458338,0.00592226,0.00460648,0.463895,0.00587935,0.0367921
img_04478.jpg,0.0361524,0.0656329,0.0224111,0.00206581,0.761036,0.0896858,0.0226495,0.000366525
img_00650.jpg,0.00318183,0.00233032,0.000457277,0.000128026,0.981427,0.0104025,0.00152501,0.000548325
img_04002.jpg,0.00421324,0.00491928,0.0116171,0.00159007,0.0579623,0.900632,0.0186633,0.000403087
img_05475.jpg,0.000329547,0.000269453,0.0026529,0.00182235,0.989545,0.00486233,0.000483627,3.52821e-05
img_03527.jpg,0.00114768,0.000336965,0.000617804,0.000427581,0.991742,0.00457793,0.00107734,7.23586e-05
img_02865.jpg,0.000679904,0.000219706,0.00210083,0.0051213,0.978659,0.0124716,0.000695204,5.26737e-05
img_00551.jpg,0.0528275,0.164569,0.00498431,0.00172967,0.519638,0.161431,0.090254,0.00456616
img_04128.jpg,0.0353427,0.797998,0.000916695,0.000205382,0.121426,0.0157573,0.00277044,0.0255837
img_04240.jpg,0.0352857,0.0161892,0.00652779,0.00499271,0.698426,0.225494,0.00420702,0.00887691
img_01134.jpg,0.054397,0.266281,0.00114115,0.000283451,0.607403,0.0379374,0.0323499,0.000208012
img_04757.jpg,0.0978224,0.155192,0.0108094,0.00400993,0.41377,0.227973,0.0862856,0.00413778
img_03254.jpg,0.0339959,0.0339229,0.0975258,0.0109016,0.2617,0.500004,0.0535707,0.00837883
img_01640.jpg,0.217899,0.0501641,0.000209822,0.000137586,0.714515,0.0128542,0.00138295,0.00283724
img_04750.jpg,0.00225513,0.001471,0.00129609,0.00203453,0.985328,0.00409168,0.0034518,7.16825e-05
img_07147.jpg,0.00155161,0.000685953,0.00201154,0.00433432,0.977857,0.0124144,0.00105791,8.75772e-05
img_05963.jpg,0.0278806,0.0644525,0.0121427,0.00253822,0.0454865,0.805971,0.0332854,0.00824261
img_07122.jpg,0.144285,0.488795,0.0018758,0.000645564,0.223628,0.118376,0.0188195,0.00357451
img_00040.jpg,0.00133772,0.0024121,0.110443,0.0021907,0.499374,0.346661,0.0288824,0.00869785
img_02857.jpg,0.000475461,0.000277389,0.00886081,0.000522233,0.977649,0.0100594,0.00208922,6.68568e-05
img_02842.jpg,0.0285777,0.0301241,0.166559,0.00907786,0.284563,0.381313,0.083695,0.0160891
img_03935.jpg,0.000199937,0.000180919,0.00242294,0.0015891,0.99153,0.00366752,0.000380768,2.91206e-05
img_03892.jpg,0.0216944,0.14243,0.00427978,0.000447703,0.0930414,0.67285,0.0642091,0.00104841
img_00667.jpg,0.000753916,0.000259239,0.00197228,0.00575322,0.975443,0.0150919,0.000686947,3.9802e-05
img_07094.jpg,0.137707,0.222152,0.00187021,0.00035021,0.494139,0.00339512,0.0253005,0.115086
img_01782.jpg,0.00017239,0.000117709,0.00274372,0.00128512,0.991947,0.00321814,0.000494106,2.23232e-05
img_04830.jpg,0.0380019,0.233171,0.00534277,0.000193045,0.589999,0.0474902,0.0755596,0.0102429
img_06525.jpg,0.00837415,0.020093,0.0481096,0.00562199,0.871593,0.026599,0.0194427,0.000166556
img_07051.jpg,0.00102243,0.000334447,0.0106637,0.00926498,0.971559,0.00322332,0.00309472,0.000837695
img_01781.jpg,0.000275721,0.000188617,0.00177012,0.00153844,0.991766,0.00407257,0.000357813,3.03632e-05
img_01392.jpg,0.001642,0.0323948,0.00812231,0.000243992,0.928685,0.0122094,0.0140425,0.0026604
img_01538.jpg,0.0544545,0.629979,0.00326978,0.000452883,0.188855,0.0812865,0.0401857,0.00151626
img_02318.jpg,0.0243023,0.1322,0.00366182,0.000817893,0.62214,0.0103979,0.00807876,0.198402
img_00129.jpg,0.00801481,0.0039252,0.0389324,0.0044301,0.108889,0.779886,0.0373976,0.0185245
img_05967.jpg,0.0782133,0.402163,0.00078422,0.000375172,0.309739,0.176336,0.0226426,0.00974606
img_06059.jpg,0.000540702,0.00041525,0.00282682,0.0035393,0.985362,0.006568,0.000687037,6.10032e-05
img_03805.jpg,0.00362492,0.00926351,0.0014109,0.00170344,0.957226,0.0237229,0.0027463,0.000302366
img_03871.jpg,0.000493448,0.000320005,0.000663703,0.000718687,0.9925,0.0038192,0.00140274,8.25996e-05
img_00282.jpg,0.144971,0.279362,0.00571604,0.00326071,0.49407,0.064605,0.00407567,0.00393865
img_05241.jpg,0.0594483,0.0883997,0.00807049,0.000871702,0.805556,0.0326512,0.00324407,0.00175833
img_04257.jpg,0.000534405,0.000854379,0.000176269,0.000782524,0.989264,0.00688017,0.00144722,6.11598e-05
img_03229.jpg,0.0111692,0.0170073,0.0031881,0.000710016,0.569629,0.374699,0.0191282,0.00446977
img_02726.jpg,0.00344962,0.0106875,0.00413825,0.000757901,0.959782,0.0200543,0.00103641,9.35754e-05
img_06902.jpg,0.0267029,0.0708058,0.00537405,0.000352969,0.807419,0.0746845,0.00829941,0.00636144
img_07757.jpg,0.00152918,0.00013377,0.00385294,0.00514424,0.985909,0.00197369,0.00122321,0.000233628
img_04015.jpg,0.223946,0.758025,0.000646173,4.31518e-05,0.00523166,0.0100995,0.00131309,0.000695576
img_07160.jpg,0.000448391,0.000412042,0.00358,0.00272308,0.985011,0.00707391,0.000701516,5.01149e-05
img_02216.jpg,0.00112693,0.000889261,0.00417447,0.00854432,0.957423,0.0266013,0.00115657,8.41136e-05
img_04263.jpg,0.0638,0.627682,0.0106066,0.00345587,0.157067,0.0654197,0.0685436,0.00342547
img_07419.jpg,0.0214265,0.0499864,0.000392887,0.000214625,0.00330893,0.0104391,0.00495096,0.90928
img_00538.jpg,0.366846,0.327081,0.0019169,0.000335799,0.161057,0.113858,0.024147,0.00475866
img_00138.jpg,0.00155481,0.000727443,0.00244837,0.00657743,0.967782,0.0195107,0.00129889,0.000100269
img_04323.jpg,0.000231276,0.000204586,0.00237942,0.00165066,0.991017,0.00408314,0.000403004,3.07153e-05
img_05322.jpg,0.661044,0.21666,0.000463781,5.49123e-05,0.0946849,0.00132884,0.00148762,0.024276
img_01373.jpg,0.000690965,0.000327804,0.00196276,0.00371097,0.984402,0.0081216,0.000714095,6.93908e-05
img_00311.jpg,0.276441,0.0545538,0.000184607,9.63201e-05,0.652731,0.0126392,0.000517795,0.00283653
img_05236.jpg,0.087168,0.0375467,0.00386936,0.00114887,0.725691,0.0907807,0.053042,0.000753572
img_07553.jpg,0.000371623,0.000207387,0.00203299,0.00210226,0.989979,0.00483907,0.000426112,4.13679e-05
img_04507.jpg,0.0246897,0.0253622,0.22192,0.00274281,0.0100011,0.0484814,0.0400509,0.626752
img_04003.jpg,0.1707,0.590199,0.00100408,0.000816952,0.154122,0.0746082,0.00779553,0.000755214
img_00289.jpg,0.000177342,0.000145933,0.0027454,0.00190843,0.990599,0.00409142,0.000307272,2.56092e-05
img_01874.jpg,0.114226,0.328124,0.00511909,0.00128077,0.24537,0.248119,0.00791141,0.0498499
img_06144.jpg,0.0267625,0.00734918,0.00388414,0.000929664,0.00477365,0.394273,0.0310533,0.530974
img_01325.jpg,0.000108297,0.000103095,0.00280758,0.0016734,0.991998,0.00303903,0.000246875,2.40566e-05
img_01860.jpg,0.00925806,0.0216125,0.00107608,0.000205456,0.946408,0.0201959,0.00105341,0.000190903
img_04268.jpg,0.107218,0.169199,0.00917164,0.00061814,0.612067,0.0762111,0.0168255,0.00868962
img_01198.jpg,0.0128415,0.00991093,0.00272284,0.000749681,0.95824,0.0113646,0.0041054,6.48965e-05
img_01399.jpg,0.0251466,0.199451,0.344916,0.0103745,0.140002,0.0684595,0.0347034,0.176948
img_04427.jpg,0.177978,0.253826,0.00315663,0.00042364,0.308522,0.13628,0.0553397,0.0644746
img_00927.jpg,0.106383,0.126387,0.00164005,0.000444938,0.620064,0.0441316,0.00723002,0.0937185
img_03718.jpg,0.0568188,0.648106,0.00614691,0.00900374,0.116703,0.0889354,0.0697591,0.0045263
img_04726.jpg,0.00154453,0.000597856,0.00160983,0.0040287,0.978126,0.0131604,0.000837317,9.54175e-05
img_05838.jpg,0.0298253,0.323936,0.00113251,0.000265686,0.620549,0.0155785,0.00831534,0.000397129
img_00102.jpg,0.0327622,0.058011,0.000123557,5.38351e-05,0.000159619,0.00765507,0.000565558,0.900669
img_06851.jpg,0.00128339,0.00155239,0.0875972,0.00337823,0.505973,0.35999,0.0186104,0.0216154
img_00889.jpg,0.00360098,0.014757,0.00572475,0.00030302,0.937215,0.029288,0.00714227,0.00196904
img_05584.jpg,0.203643,0.131354,0.00449392,0.00303584,0.483057,0.168642,0.00499042,0.000784204
img_04629.jpg,0.00315605,0.0041973,0.0120658,0.00557008,0.946339,0.0247784,0.00372719,0.000165726
img_05682.jpg,0.113703,0.115121,0.00779041,0.00142043,0.0179564,0.649846,0.0126515,0.0815116
img_01537.jpg,0.000556744,0.000176599,0.00114486,0.00367549,0.982453,0.0105632,0.0013897,4.02113e-05
img_07460.jpg,0.0137443,0.00853229,0.00248077,0.0038372,0.914545,0.0532039,0.0025205,0.00113629
img_02943.jpg,0.0334541,0.141748,0.00925588,0.00149066,0.690771,0.0969157,0.0255478,0.000815879
img_01647.jpg,0.002661,0.00500261,0.000890624,0.000507351,0.973252,0.0156943,0.00163317,0.000359088
img_03853.jpg,0.0668497,0.836262,0.0136892,0.00170662,0.0151791,0.0524974,0.010764,0.00305236
img_02398.jpg,0.100046,0.545778,0.0196206,0.00266707,0.210532,0.0647694,0.0539806,0.00260615
img_07045.jpg,0.0845844,0.431414,0.00264398,9.20648e-05,0.413052,0.0124332,0.00593628,0.049844
img_04949.jpg,0.00289856,0.0045165,0.0160773,0.0191679,0.918444,0.00716086,0.026627,0.00510841
img_05059.jpg,0.0013086,0.000617631,0.00211612,0.00496899,0.9796,0.010344,0.000969003,7.55629e-05
img_06137.jpg,0.0142856,0.224822,0.192456,0.00162098,0.398655,0.0189334,0.0146864,0.13454
img_05558.jpg,0.354803,0.125726,0.00271838,0.000198002,0.00367637,0.425201,0.0147963,0.0728812
img_00598.jpg,0.599093,0.159959,0.000878017,0.000317544,0.144262,0.0875756,0.00262047,0.00529392
img_07538.jpg,0.00790124,0.0206332,0.00848952,0.00094842,0.0272189,0.884326,0.0104238,0.0400592
img_03867.jpg,0.000425058,0.000226476,0.00200744,0.00209949,0.989309,0.00539049,0.000495764,4.65831e-05
img_03260.jpg,0.0273178,0.0445868,0.00700069,0.00100402,0.884085,0.0247045,0.0111224,0.000178714
img_05953.jpg,0.246468,0.130772,0.00321637,0.00138078,0.496546,0.106891,0.0108696,0.0038562
img_00164.jpg,0.000611229,0.000415456,0.00293851,0.00776712,0.956353,0.0308738,0.000707407,0.000333647
img_05882.jpg,0.159828,0.102194,0.0119414,0.00131687,0.0735218,0.546951,0.0107763,0.0934706
img_00432.jpg,0.0103179,0.0196464,0.000874017,0.000198052,0.84451,0.112645,0.0105865,0.00122165
img_01552.jpg,0.0404145,0.146865,0.00589287,0.00161472,0.422154,0.326232,0.055332,0.0014946
img_02956.jpg,0.000543157,0.00066613,0.0012772,0.00207055,0.989601,0.00337163,0.00217609,0.000294093
img_01379.jpg,0.18971,0.707833,0.00235522,0.000300728,0.0512012,0.0388029,0.00453588,0.0052607
img_03426.jpg,0.0558216,0.867811,0.00734627,0.00171655,0.0423419,0.0139648,0.0059517,0.00504635
img_00718.jpg,0.0344825,0.519378,0.00124474,0.000178958,0.268153,0.147947,0.0283376,0.000277741
img_01593.jpg,0.231912,0.35006,0.000998021,0.000104976,0.00359471,0.372137,0.00960688,0.0315861
img_05864.jpg,0.00123633,0.00475761,0.00898557,0.0124113,0.952608,0.0129534,0.0063045,0.000743477
img_04341.jpg,0.0304843,0.497979,0.0350393,0.0132682,0.0845994,0.190254,0.13804,0.0103363
img_04261.jpg,0.053861,0.243414,0.00278908,0.00137669,0.682663,0.00638847,0.00629987,0.00320792
img_05393.jpg,0.000925498,0.000916502,0.0181591,0.00907771,0.949395,0.00377542,0.0167035,0.00104742
img_05433.jpg,0.0218935,0.0712078,0.00245253,0.000503962,0.0227987,0.787618,0.0897111,0.00381419
img_06870.jpg,0.0256116,0.0896794,0.00434303,0.00116388,0.870196,0.0025703,0.0054106,0.00102477
img_00950.jpg,0.000275964,0.000210839,0.0022048,0.00171218,0.990973,0.00415571,0.000439194,2.82565e-05
img_02749.jpg,0.395163,0.519957,0.00372129,0.0187344,0.00338498,0.00942154,0.00587065,0.0437475
img_00407.jpg,0.101596,0.484478,0.00834696,0.000181294,0.313776,0.0786121,0.0121568,0.00085254
img_02837.jpg,0.843994,0.145752,1.48128e-05,6.18129e-06,4.77924e-05,0.000211826,3.87664e-05,0.00993428
img_05976.jpg,0.160641,0.701879,0.00344733,0.000136063,0.00890194,0.0493186,0.0188075,0.0568685
img_00550.jpg,0.00788848,0.00785091,0.0032629,0.000440686,0.892044,0.071888,0.0160581,0.000566789
img_01328.jpg,0.209676,0.052776,0.00141006,0.000932381,0.314986,0.398856,0.0192345,0.00212832
img_03809.jpg,0.000406245,0.000259037,0.00394736,0.00340819,0.988762,0.00216286,0.000976995,7.78252e-05
img_04221.jpg,0.581415,0.368964,0.000863295,0.000670693,0.0180391,0.0200748,0.00647678,0.00349645
img_03355.jpg,0.16044,0.580073,0.00427206,0.000794295,0.103301,0.0794715,0.00228244,0.0693658
img_02074.jpg,0.082079,0.473263,0.00610636,0.000241053,0.232262,0.164816,0.0409233,0.000308914
img_05754.jpg,0.000914549,0.00525003,0.000879287,0.00225975,0.358156,0.600712,0.0309964,0.000831517
img_01681.jpg,0.0406985,0.247588,0.00108821,0.000209343,0.602039,0.0455338,0.0422975,0.0205454
img_07050.jpg,0.00439445,0.00160219,0.00235734,0.983512,0.00412782,0.00318606,0.000457949,0.000362096
img_06549.jpg,0.560563,0.18561,0.00254565,0.000468144,0.151076,0.0905298,0.00797117,0.0012354
img_00009.jpg,0.0411991,0.036621,0.00596638,0.0011316,0.80276,0.0994272,0.0125237,0.000371067
img_06756.jpg,0.337065,0.433371,0.00698523,0.000664105,0.119598,0.0957068,0.00612105,0.000488395
img_06189.jpg,0.0799329,0.80585,0.000386479,0.000106059,0.0232681,0.012789,0.0539252,0.0237424
img_07448.jpg,0.0204459,0.0210978,0.011408,0.00289327,0.890176,0.0498712,0.00364155,0.000466197
img_03924.jpg,0.00102931,0.000405789,0.00320946,0.00721495,0.973297,0.0139532,0.000790769,9.90813e-05
img_07375.jpg,0.0825467,0.11178,0.014243,0.00527297,0.0772998,0.496512,0.168998,0.0433473
img_04118.jpg,0.246272,0.349986,0.000978315,0.00123602,0.232969,0.131234,0.0201536,0.0171698
img_06211.jpg,0.718118,0.102846,0.00241858,0.00274089,0.000646204,0.0990357,0.0121531,0.0620416
img_00716.jpg,0.0511415,0.302228,0.00214758,0.00033877,0.576925,0.0279317,0.0388376,0.000450232
img_05264.jpg,0.0123855,0.0259623,0.28471,0.00702996,0.598604,0.0474177,0.00871318,0.0151768
img_03547.jpg,0.139982,0.83964,0.000580096,9.89826e-05,0.0121703,0.00397819,0.00213201,0.00141851
img_05147.jpg,0.00904155,0.00216476,0.00411517,0.98143,0.00149766,0.00106371,0.000203623,0.000483011
img_05438.jpg,0.00906967,0.0126129,0.0020603,0.000555706,0.940748,0.0274541,0.00731524,0.000183996
img_02954.jpg,9.63529e-05,5.34428e-05,0.00116534,0.00145532,0.993559,0.00305868,0.00060431,7.81163e-06
img_04310.jpg,0.208174,0.515335,0.00536729,0.00345581,0.111104,0.145341,0.00652525,0.00469839
img_01825.jpg,0.000319599,0.000185899,0.00210205,0.000451083,0.991506,0.00194525,0.00347527,1.50043e-05
img_01616.jpg,0.0766511,0.633125,0.024135,0.00540503,0.0382205,0.149777,0.0442643,0.0284223
img_00664.jpg,0.0722557,0.124872,0.00463934,0.000996528,0.756088,0.0207575,0.0115633,0.00882698
img_03967.jpg,0.233479,0.57606,0.000638181,0.000960439,0.0329843,0.0749059,0.0390538,0.0419181
img_02124.jpg,0.0238166,0.0650828,0.146747,0.0169612,0.274485,0.416051,0.0494549,0.00740207
img_03584.jpg,0.0101061,0.0340503,0.0753795,0.00341565,0.0129353,0.0142438,0.00613692,0.843732
img_00180.jpg,0.0176511,0.000349345,6.16066e-05,6.25554e-05,1.3836e-05,0.00018534,7.30455e-05,0.981603
img_03140.jpg,0.529257,0.328679,0.000384183,0.000487191,0.00828126,0.034335,0.0231946,0.0753818
img_06616.jpg,0.263216,0.508724,0.00896084,0.00248717,0.106555,0.0898502,0.0136609,0.00654528
img_06975.jpg,0.0472932,0.249673,0.0047146,0.000463374,0.645186,0.0431356,0.00852435,0.00100931
img_06947.jpg,0.000129314,9.51773e-05,0.00340998,0.00179263,0.99199,0.00219396,0.000370436,1.84906e-05
img_06734.jpg,0.678481,0.229651,0.000140078,0.000147117,0.0113221,0.0142451,0.00655334,0.0594598
img_04723.jpg,5.15941e-05,3.97212e-05,0.00303615,0.000477757,0.994794,0.00128932,0.00022633,8.50913e-05
img_00272.jpg,0.660247,0.258551,0.00125138,0.000879053,0.0208797,0.0534807,0.0010361,0.00367528
img_06614.jpg,0.323804,0.546335,0.0090452,0.0224055,0.0251738,0.0459549,0.0154213,0.0118607
img_01562.jpg,0.269307,0.278631,0.00803155,0.000747639,0.227963,0.173461,0.00619408,0.035665
img_04138.jpg,0.000246045,0.000242704,0.00403398,0.00217248,0.987978,0.00477785,0.000516382,3.22157e-05
img_00584.jpg,0.0284762,0.0291828,0.000344136,5.7352e-05,0.930522,0.00647605,0.00208287,0.00285873
img_03825.jpg,0.146135,0.368155,0.00384966,0.00146809,0.378453,0.0616973,0.0378143,0.00242783
img_02372.jpg,0.00160498,0.000897378,0.00265488,0.00797399,0.962681,0.0227951,0.00130301,8.9944e-05
img_00816.jpg,0.014526,0.562301,0.0173255,0.000421019,0.326795,0.0483245,0.0282102,0.00209764
img_07270.jpg,0.00080016,0.000340124,0.00298656,0.00630633,0.974774,0.0136311,0.0011006,6.1535e-05
img_06349.jpg,0.000394498,0.000152973,0.00218447,0.00357771,0.977868,0.0151193,0.000672142,3.05634e-05
img_05743.jpg,0.126072,0.157027,0.00859656,0.0018638,0.658893,0.0374905,0.00389367,0.00616351
img_00591.jpg,0.155684,0.056015,0.0188842,0.000686514,0.0130865,0.233827,0.0198553,0.501962
img_01688.jpg,0.0243952,0.0310923,0.00434122,0.000251246,0.198553,0.0225796,0.0219403,0.696847
img_04671.jpg,0.0757109,0.180943,0.00675863,0.000552376,0.00592547,0.688946,0.0232808,0.0178827
img_00654.jpg,0.242559,0.126427,0.00110342,0.00283807,0.549627,0.0458693,0.00213175,0.029445
img_01511.jpg,0.0144046,0.0876872,0.00269519,0.000323655,0.886268,0.00554522,0.00270426,0.000371406
img_02679.jpg,0.00151973,0.00401087,0.00407369,0.00165745,0.986308,0.000926385,0.000368254,0.00113601
img_02406.jpg,0.0916807,0.619394,0.00696898,0.0229908,0.0412442,0.0866769,0.011479,0.119566
img_07578.jpg,0.0227228,0.2228,0.0565625,0.00338343,0.0925107,0.156003,0.0244681,0.421549
img_06832.jpg,0.251332,0.48645,0.0020942,0.000408054,0.00183475,0.0891982,0.000785741,0.167896
img_00724.jpg,0.00889405,0.450279,0.0130948,0.00151324,0.253711,0.0303644,0.0886153,0.153528
img_07746.jpg,0.00321524,0.0219993,0.00663728,0.00534988,0.0677341,0.694748,0.198923,0.0013929
img_05568.jpg,0.0861279,0.628047,0.00250977,0.000999465,0.145036,0.111628,0.0201149,0.00553676
img_06237.jpg,0.000894734,0.000507607,0.00252506,0.00445888,0.97953,0.0110247,0.000980442,7.88095e-05
img_01571.jpg,0.108912,0.307538,0.0224381,0.00236608,0.371396,0.0134641,0.0522438,0.121642
img_06899.jpg,0.000336567,0.000335737,0.00369707,0.00255173,0.986789,0.00563715,0.000610202,4.22262e-05
img_07103.jpg,0.0156717,0.0714913,0.00123928,0.000160005,0.902331,0.00484389,0.00340128,0.000861824
img_01505.jpg,0.000747151,0.000256824,0.0022668,0.00826573,0.965362,0.0222035,0.000837986,6.01826e-05
img_03837.jpg,0.349132,0.522466,0.0038409,0.000387248,0.0963637,0.0230608,0.00150537,0.0032439
img_01377.jpg,0.000328049,0.000284314,0.00175113,0.00148476,0.990839,0.00475268,0.000520781,3.93916e-05
img_05587.jpg,0.000588591,0.000362629,0.00226755,0.00333642,0.984838,0.00771249,0.000830972,6.30995e-05
img_02764.jpg,0.00559707,0.00214297,0.000621874,0.000724167,0.976766,0.0128326,0.000906525,0.000408832
img_00027.jpg,0.116989,0.102325,0.0263481,0.00210655,0.0176222,0.668059,0.0614853,0.00506471
img_06673.jpg,0.487863,0.441354,0.000159975,9.79048e-05,0.019783,0.0371818,0.00702867,0.00653127
img_03283.jpg,0.17776,0.00448538,0.000197144,0.00160963,0.00044314,0.139037,0.00154843,0.67492
img_03223.jpg,0.398614,0.491593,8.06927e-05,2.19106e-05,0.000105151,0.000478825,0.000267787,0.108838
img_02384.jpg,0.14868,0.574264,0.00190748,0.000159779,0.0587031,0.194984,0.0163443,0.00495795
img_00374.jpg,0.254164,0.113378,0.000975924,0.000406464,0.603891,0.0211218,0.00164071,0.0044232
img_06986.jpg,0.0179685,0.050781,0.00104281,0.000337856,0.921149,0.00414111,0.0042527,0.000327211
img_07231.jpg,0.074825,0.14558,0.00768561,0.00135784,0.75465,0.00557313,0.00615959,0.00416856
img_02347.jpg,0.0156089,0.0193451,0.00261042,0.00103182,0.943921,0.0100376,0.00736769,7.76331e-05
img_03399.jpg,0.0108181,0.01444,0.00270202,0.000489779,0.929974,0.0326156,0.0088957,6.48725e-05
img_04408.jpg,0.112734,0.218385,0.00144636,0.000720692,0.645568,0.00523637,0.00494849,0.0109611
img_03869.jpg,0.126896,0.394702,0.0993438,0.0105068,0.209025,0.124909,0.0328257,0.0017917
img_02307.jpg,0.0534333,0.414871,0.0254677,0.00265437,0.197465,0.281296,0.0236103,0.00120223
img_04835.jpg,0.0998882,0.323141,0.00323716,0.00591856,0.0965592,0.418395,0.0125288,0.0403323
img_04712.jpg,0.00816294,0.0164744,0.0060813,0.000622084,0.904276,0.0465512,0.0131245,0.00470738
img_06892.jpg,0.0469776,0.257952,0.00190851,0.00155,0.5836,0.0727907,0.0347411,0.000480333
img_00780.jpg,0.0202885,0.0891007,0.0091361,0.00333087,0.0994681,0.26738,0.337763,0.173532
img_04271.jpg,0.000913637,0.000555146,0.00258614,0.00273982,0.983165,0.00886766,0.0011062,6.59996e-05
img_01716.jpg,0.00148259,0.000493677,0.00181523,0.00523476,0.974824,0.0150617,0.000998006,8.9901e-05
img_03440.jpg,0.0407363,0.247236,0.0301559,0.000736921,0.194451,0.124948,0.00954233,0.352193
img_05426.jpg,0.0125994,0.00158764,0.00368089,0.978269,0.00160254,0.00157212,0.000291468,0.000397129
img_03952.jpg,0.00186264,0.00128622,0.00183282,0.00361493,0.970852,0.0167983,0.00364256,0.000110252
img_07508.jpg,0.000557699,0.00148123,0.00258649,0.000226927,0.989697,0.0014146,0.00362436,0.000412278
img_00914.jpg,0.00675371,0.0653107,0.0224849,0.00304093,0.691151,0.0240943,0.019426,0.167739
img_00642.jpg,0.0159111,0.00234943,0.00921879,0.960088,0.00795731,0.00215383,0.000600589,0.00172099
img_00442.jpg,0.020247,0.0446068,0.000679855,0.000112522,0.00961312,0.00213611,0.0105545,0.91205
img_05813.jpg,0.405314,0.0642746,0.000676028,0.000300063,0.00888869,0.00887906,0.00157073,0.510097
img_06311.jpg,0.0428433,0.0535858,0.000305841,0.000230068,0.891804,0.00851702,0.00246837,0.000245789
img_02607.jpg,0.000885215,0.000657807,0.00181969,0.00102182,0.989551,0.00515315,0.000827207,8.40919e-05
img_00005.jpg,0.000323762,0.000200045,0.00116788,0.000551209,0.990464,0.00632685,0.00095294,1.30041e-05
img_01963.jpg,0.0834538,0.876789,0.00139061,0.000111126,0.00676925,0.0272278,0.00362657,0.000631511
img_06806.jpg,0.151548,0.332673,0.00095858,0.000224218,0.499616,0.00680317,0.00268516,0.00549172
img_00612.jpg,0.10468,0.295817,0.00247842,0.000291893,0.446519,0.132094,0.0174378,0.0006816
img_06642.jpg,0.295342,0.205923,0.00266705,0.000695814,0.0235688,0.293603,0.0145843,0.163616
img_00487.jpg,0.000313334,0.00188774,0.0570576,0.00466742,0.876023,0.0571469,0.00161135,0.00129326
img_05095.jpg,0.10138,0.540278,0.00327967,0.000741793,0.285305,0.0317509,0.0255005,0.0117649
img_00858.jpg,0.49163,0.438662,0.00129822,0.000443035,0.013046,0.0453623,0.00638001,0.00317852
img_07352.jpg,0.109738,0.080427,0.0103898,0.000813867,0.750882,0.0172614,0.0233607,0.00712707
img_02648.jpg,0.0544387,0.0297262,0.0115895,0.000200159,0.773674,0.0934683,0.0132821,0.0236207
img_01142.jpg,0.0991928,0.0743114,0.0014151,0.00263626,0.256426,0.545527,0.0191463,0.00134492
img_06475.jpg,0.140162,0.556669,0.00216723,0.00015345,0.0359205,0.202958,0.0383843,0.0235857
img_00723.jpg,0.000192921,0.000140574,0.00375844,0.000588331,0.98509,0.00953963,0.000664146,2.5696e-05
img_01188.jpg,0.00889538,0.0282723,0.00224535,0.00301346,0.0235664,0.88729,0.0400728,0.00664416
img_03928.jpg,0.0615147,0.578778,0.00050574,0.000196057,0.32149,0.0264338,0.00947524,0.00160625
img_03929.jpg,0.141305,0.298198,0.00200483,0.00443942,0.298835,0.141793,0.0108909,0.102535
img_07621.jpg,0.0439947,0.0177551,0.00546965,0.00135911,0.0262079,0.709422,0.00213806,0.193653
img_02299.jpg,0.55907,0.195077,0.00346982,0.0034321,0.00129999,0.12412,0.0233449,0.0901864
img_05016.jpg,0.00708646,0.00449813,0.00145783,0.00196377,0.871552,0.111825,0.00103106,0.000585131
img_01918.jpg,0.50314,0.00829906,0.00398364,0.0661195,0.00412295,0.0957671,0.0155983,0.30297
img_03471.jpg,0.510287,0.0102159,0.00572386,0.108469,0.00430675,0.0428351,0.00660201,0.31156
img_06203.jpg,0.190343,0.130033,0.0332963,0.00457308,0.387091,0.192485,0.00434927,0.0578304
img_02799.jpg,0.0284628,0.0557025,0.000886068,0.000254828,0.8988,0.00996069,0.00534491,0.000588602
img_01211.jpg,0.167876,0.132713,0.000919789,0.000108768,0.686068,0.00755786,0.00110408,0.00365186
img_04476.jpg,0.0612736,0.146473,0.012785,0.00502736,0.304811,0.218663,0.0195606,0.231407
img_02507.jpg,0.0407663,0.032071,0.00251485,0.000798746,0.483798,0.291911,0.0422122,0.105928
img_03231.jpg,0.118265,0.783661,0.000472968,0.000215028,0.0772238,0.0160557,0.00347746,0.000628366
img_05471.jpg,0.215953,0.538408,0.00232721,0.000218054,0.00407727,0.0751453,0.0330936,0.130778
img_06798.jpg,0.11605,0.856439,0.0034143,0.00105362,0.0020674,0.0117324,0.00297663,0.00626617
img_04546.jpg,0.0262437,0.11736,0.00208902,0.000313053,0.0282787,0.121636,0.164841,0.539238
img_05857.jpg,0.0167999,0.806181,0.00349205,0.000117492,0.12203,0.0272175,0.0241108,5.05541e-05
img_04024.jpg,0.230883,0.192232,0.0134387,0.000459082,0.00451787,0.502746,0.0197604,0.0359625
img_06037.jpg,0.1073,0.510474,0.0108499,0.000650553,0.0540857,0.173786,0.128594,0.0142592
img_03228.jpg,0.275096,0.563543,0.0012952,0.00129063,0.00485183,0.131934,0.00158415,0.0204052
img_05948.jpg,0.154804,0.329668,0.00682523,0.000654756,0.0600665,0.412645,0.0269122,0.00842424
img_05721.jpg,0.0078967,0.0261807,0.00472999,0.000987615,0.768095,0.1781,0.0121809,0.00182918
img_03931.jpg,0.256183,0.331141,0.00809379,0.0017633,0.343689,0.0347749,0.00185311,0.0225019
img_02309.jpg,0.212604,0.133434,0.000718178,0.000277457,0.581139,0.0657944,0.00266242,0.00337056
img_00446.jpg,0.149501,0.048026,0.00844941,0.0109718,0.0121202,0.21292,0.010782,0.54723
img_04991.jpg,0.0131788,0.0461562,0.0538194,0.00894121,0.336977,0.49539,0.0441088,0.00142882
img_00375.jpg,0.0127606,0.0125123,0.0244603,0.00263143,0.91744,0.0146585,0.0153667,0.000170314
img_06921.jpg,0.00681054,0.0105659,0.000219027,8.34356e-05,0.971453,0.00991788,0.000742665,0.000207499
img_05139.jpg,0.00670209,0.0711827,0.0544986,0.000178716,0.800295,0.0384476,0.0273498,0.00134578
img_06273.jpg,0.0156608,0.0494669,0.00185569,0.00070093,0.883096,0.0420916,0.00687382,0.000254155
img_06732.jpg,0.00291948,0.0137646,0.0287925,0.00824617,0.930727,0.00942958,0.00562723,0.000493
img_02146.jpg,0.0633737,0.0805475,0.0063638,0.00132871,0.754911,0.066761,0.0176338,0.00908063
img_04419.jpg,0.000353296,0.000254729,0.00430025,0.00354472,0.984833,0.00591663,0.000764372,3.28557e-05
img_03454.jpg,0.000318628,0.000341949,0.0052358,0.00443597,0.983945,0.00434407,0.000744433,0.000634186
img_07561.jpg,0.0472673,0.0722624,0.00504494,0.00882751,0.00740203,0.815056,0.039064,0.0050757
img_03677.jpg,0.0172647,0.0118453,0.0028027,0.00189505,0.878892,0.0800734,0.0069645,0.000262406
img_01444.jpg,0.176054,0.132578,0.00361958,0.000351709,0.132396,0.468525,0.0068689,0.0796064
img_06003.jpg,0.209687,0.250703,0.00349821,0.00104781,0.341587,0.14809,0.0422789,0.00310802
img_01976.jpg,0.00241446,0.000773922,0.0015468,0.000131877,0.991051,0.00248695,0.00110677,0.000488567
img_07594.jpg,0.220376,0.31038,0.00314866,0.00292268,0.0258505,0.236074,0.0144612,0.186787
img_00575.jpg,0.0951502,0.627278,0.000842688,0.000196128,0.128622,0.114448,0.00938138,0.0240811
img_06807.jpg,0.000250365,0.000223078,0.00367456,0.00244554,0.988229,0.00465033,0.000499099,2.82604e-05
img_06559.jpg,0.000750611,0.000398681,0.00312321,0.00504654,0.980253,0.00940756,0.000958037,6.19755e-05
img_06748.jpg,0.00375822,0.291926,0.261021,0.0024132,0.365591,0.0221278,0.0200315,0.0331313
img_06373.jpg,0.0179723,0.0475104,0.00128561,0.000112472,0.888289,0.0373037,0.00270597,0.0048204
img_06541.jpg,0.0290494,0.018871,0.00251346,0.000211208,0.942971,0.000845081,0.000634323,0.00490457
img_00152.jpg,0.383656,0.095235,0.00312286,0.000370149,0.43061,0.0777344,0.0052941,0.00397804
img_02416.jpg,0.0456532,0.616937,0.000718268,9.808e-05,0.320508,0.0116164,0.00355629,0.000912752
img_06010.jpg,0.18208,0.169759,0.0010296,0.000217577,0.00177941,0.296797,0.0172526,0.331085
img_02209.jpg,0.036218,0.05258,0.061391,0.0114318,0.339915,0.464084,0.0268504,0.00753013
img_05718.jpg,0.148074,0.510998,0.00281067,0.00327881,0.0828858,0.115482,0.00931731,0.127153
img_00837.jpg,0.00650577,0.00464913,0.000618907,0.000587469,0.974249,0.00797447,0.0053039,0.000111067
img_03670.jpg,0.00456137,0.0024492,0.00581111,0.00154567,0.965044,0.0143762,0.00220531,0.00400686
img_06522.jpg,0.0662486,0.0245102,0.00305669,0.000564702,0.490238,0.184904,0.00222133,0.228257
img_03847.jpg,0.0205849,0.0560287,0.00295562,0.00398505,0.0826679,0.798621,0.0317573,0.00339978
img_01595.jpg,0.0137111,0.141471,0.0205068,0.000246388,0.756315,0.0141188,0.0346333,0.0189975
img_05492.jpg,0.00660366,0.0823592,0.0179018,0.000451036,0.862163,0.0136728,0.0111746,0.00567366
img_00398.jpg,0.0238238,0.199642,0.0376114,0.00188948,0.602833,0.0963971,0.0360233,0.00178023
img_05068.jpg,0.0883401,0.255322,0.00642205,0.00389008,0.314747,0.0405479,0.234346,0.0563843
img_01022.jpg,0.382842,0.361821,0.00371616,0.00186936,0.0474957,0.194541,0.00705582,0.000659662
img_04603.jpg,0.000408042,0.000226978,0.00181259,0.00144003,0.9917,0.00344581,0.000932095,3.41599e-05
img_04657.jpg,0.00133835,0.00057815,0.00268086,0.00233686,0.986515,0.00357076,0.00294717,3.27878e-05
img_06238.jpg,0.000125341,0.000288651,0.00690706,0.00848405,0.971602,0.0116696,0.000872552,5.05766e-05
img_05378.jpg,0.0544364,0.0220148,0.000532905,0.000161149,0.909758,0.00451842,0.00154945,0.00702893
img_07191.jpg,0.0187653,0.0450666,0.0053248,0.000616359,0.736266,0.155541,0.0360934,0.00232582
img_07068.jpg,0.0309379,0.0662089,0.0045933,0.000855048,0.841121,0.0315849,0.0223167,0.00238238
img_03238.jpg,0.530474,0.117412,0.035725,0.000513535,0.00151715,0.294622,0.0149078,0.00482809
img_00855.jpg,0.214217,0.747933,0.00194022,0.000288308,0.00596899,0.0162042,0.00691062,0.00653839
img_01802.jpg,0.0839368,0.284852,0.0111528,0.000740278,0.575875,0.0207854,0.00386315,0.0187943
img_05479.jpg,0.140196,0.376501,0.001748,0.000459816,0.0382633,0.315515,0.127184,0.000134018
img_03370.jpg,0.053146,0.115868,0.00669701,0.000374702,0.0333993,0.76467,0.0189181,0.00692727
img_01431.jpg,0.146554,0.0217099,0.00543127,0.762942,0.00240433,0.00975871,0.000804445,0.0503946
img_06318.jpg,0.071418,0.307147,0.0103211,0.000512746,0.428326,0.101299,0.0752579,0.00571833
img_04705.jpg,0.0161359,0.0894444,0.0401807,0.00243216,0.0415652,0.0861947,0.052139,0.671908
img_02082.jpg,0.000250507,0.00022348,0.00238176,0.00175088,0.990646,0.00426662,0.000446053,3.52222e-05
img_02789.jpg,0.000331837,0.000301557,0.00291047,0.00245026,0.9882,0.00526296,0.000499949,4.35204e-05
img_05835.jpg,0.0032134,0.000996913,0.0011565,0.00121574,0.98645,0.00435823,0.00237144,0.000237525
img_06067.jpg,0.00340261,0.0658578,0.00840012,7.78424e-05,0.863471,0.0283916,0.0295404,0.000858915
img_04405.jpg,0.238094,0.657846,0.00190846,0.0003252,0.0886141,0.00745453,0.00125572,0.00450155
img_03270.jpg,0.0111314,0.00056399,5.05517e-05,2.1467e-05,3.62011e-05,5.966e-05,2.97609e-05,0.988107
img_02379.jpg,0.731227,0.0428876,0.000341706,0.000466425,0.00306096,0.0122648,0.0109739,0.198778
img_02522.jpg,0.0879952,0.14063,0.00316766,0.00103031,0.686566,0.0711579,0.0040248,0.00542761
img_02916.jpg,0.00113346,0.00128802,0.00586082,0.00250698,0.976845,0.00721075,0.00513086,2.44628e-05
img_05615.jpg,0.0222026,0.0813644,0.0187994,0.0035426,0.810952,0.0311849,0.029341,0.00261272
img_02486.jpg,0.147863,0.789161,0.00104762,0.000199744,0.0173451,0.0132102,0.0259625,0.00521072
img_01179.jpg,0.0632629,0.778813,0.00125827,0.000236502,0.0639024,0.0798404,0.0125038,0.000183001
img_02811.jpg,0.135738,0.42662,0.00435471,0.00091093,0.340152,0.0555203,0.0354568,0.00124709
img_06849.jpg,0.0846013,0.226865,0.00773313,0.000261638,0.519805,0.0965499,0.0489779,0.0152062
img_06698.jpg,0.0840215,0.356413,0.0063664,0.000782744,0.0469312,0.422607,0.0758868,0.00699068
img_03520.jpg,0.0374367,0.219246,0.00348147,0.00309953,0.695858,0.0286071,0.0116841,0.000587298
img_05440.jpg,0.00601083,0.00294501,0.00116554,0.00104803,0.976079,0.0106388,0.00187946,0.000232967
img_06663.jpg,0.0137172,0.00290207,0.0119998,0.961687,0.00596192,0.00293568,0.000381523,0.000414991
img_01495.jpg,0.495712,0.286686,0.00071631,0.000800039,0.0584851,0.0481048,0.0325515,0.0769439
img_01995.jpg,0.188044,0.288928,0.00349886,0.00842585,0.114984,0.234476,0.00776759,0.153875
img_04115.jpg,0.0257755,0.0735486,0.00740269,0.00116195,0.439759,0.414547,0.0245798,0.013225
img_05488.jpg,0.0455078,0.60428,0.0202931,0.00368077,0.202677,0.0704055,0.0495642,0.0035923
img_06555.jpg,0.00107899,0.000246845,0.00344831,0.00573398,0.965572,0.022439,0.00121718,0.000263308
img_05775.jpg,0.439137,0.509185,0.000668642,0.000830644,0.00715738,0.0105337,0.0139371,0.0185502
img_05915.jpg,0.0733023,0.107635,0.00287156,0.000560604,0.172421,0.0150413,0.0428118,0.585356
img_06939.jpg,0.0893352,0.107296,0.00198407,0.000765148,0.307285,0.431406,0.0276597,0.0342686
img_03996.jpg,0.0521904,0.520806,0.000631266,0.000122014,0.367049,0.0431013,0.013799,0.00230181
img_00760.jpg,0.0166985,0.00378795,0.00305486,0.967031,0.00217838,0.00335499,0.000420781,0.00347331
img_00232.jpg,0.29863,0.134084,0.00225411,0.00138821,0.020673,0.129339,0.409546,0.00408564
img_04959.jpg,0.00368141,0.00358168,0.00294793,0.00554098,0.944078,0.0384579,0.0011052,0.00060695
img_07467.jpg,0.0478813,0.195691,0.00154323,0.000107255,0.736964,0.0110026,0.00555328,0.00125669
img_06859.jpg,0.0053458,0.00601339,0.00162816,0.000518244,0.947406,0.0122888,0.0206409,0.00615858
img_05284.jpg,0.0939731,0.332393,0.01226,0.00102001,0.433198,0.0577529,0.0674419,0.00196131
img_06038.jpg,0.29619,0.280487,0.0128506,0.00145265,0.142767,0.14424,0.073185,0.0488274
img_03290.jpg,0.206833,0.0685068,0.0334189,0.000932447,0.0111017,0.325932,0.00424448,0.349031
img_03764.jpg,0.119066,0.499324,0.00580071,0.000600802,0.111545,0.182485,0.0441019,0.0370767
img_02993.jpg,0.0136077,0.124544,0.00245368,0.000313454,0.144294,0.0403196,0.170208,0.50426
img_06332.jpg,0.0007861,0.00464303,0.00179803,0.000110943,0.985262,0.00309478,0.00348098,0.000824467
img_04036.jpg,0.17633,0.515684,0.00306085,8.8041e-05,0.131094,0.155933,0.00945016,0.00836005
img_04425.jpg,0.178938,0.766496,0.000214342,0.000100206,0.00709023,0.0394564,0.00691981,0.000784793
img_06345.jpg,0.457071,0.215835,0.000302058,0.000347203,0.0162245,0.00375453,0.00165247,0.304813
