image,ALB,BET,DOL,LAG,NoF,OTHER,SHARK,YFT
img_00876.jpg,6.51107e-07,1.15155e-05,5.38239e-05,0.00170861,0.998057,7.83216e-06,0.000160255,3.12619e-07
img_01059.jpg,4.02652e-05,0.0246799,2.14187e-06,8.2244e-06,1.15504e-06,4.21943e-05,5.82837e-06,0.97522
img_02834.jpg,0.592262,0.0585931,0.0117458,0.00119992,0.000115683,0.229851,0.00406681,0.102166
img_03941.jpg,0.723491,0.00877571,0.000673894,0.000391778,0.000165725,0.250791,0.00151871,0.0141914
img_05137.jpg,0.631998,0.000304784,0.00010743,0.000208573,0.000102786,0.364687,0.00141193,0.00117972
img_05434.jpg,5.89538e-05,0.000297588,1.88456e-05,0.00175302,0.997068,0.000232932,0.000408692,0.000161696
img_01249.jpg,0.000119717,0.000501738,3.56832e-05,0.00178057,0.997139,5.33154e-05,0.000238053,0.000131467
img_01116.jpg,0.258652,0.140041,0.00278671,0.000750476,0.000478128,0.5288,0.000772322,0.067719
img_04130.jpg,0.714138,0.125033,0.0553524,0.000733165,0.0260508,0.00523425,0.0430176,0.0304402
img_06021.jpg,5.90611e-06,6.58594e-06,0.998932,7.23092e-06,1.00077e-05,3.51174e-05,4.51439e-06,0.000998678
img_05657.jpg,0.0606816,0.0790098,0.0121112,0.000701443,0.162937,0.0398025,0.606332,0.0384247
img_03627.jpg,0.487916,0.029353,0.000451859,7.14624e-05,3.08442e-05,0.11721,0.00525196,0.359715
img_00765.jpg,0.0165746,0.0896968,0.000921351,0.0661687,0.0275328,0.261156,0.0171356,0.520814
img_04127.jpg,0.623737,0.144086,0.000632981,0.000388178,7.47183e-05,0.0429183,0.00135981,0.186804
img_06368.jpg,0.137343,0.0147863,0.0302509,0.000470661,0.0127809,0.757226,0.000469623,0.0466727
img_00469.jpg,0.670896,0.0134142,0.00266221,0.053543,0.000564844,0.0144204,0.00057992,0.24392
img_04453.jpg,0.00884217,0.00178797,0.000179451,0.0014991,0.974308,0.0055372,0.00545707,0.00238955
img_03135.jpg,0.000699025,0.000130524,3.73972e-05,6.04018e-05,1.32465e-05,2.37182e-05,8.16871e-06,0.999028
img_07436.jpg,0.000387727,0.000146334,0.000654175,0.000417205,0.00152427,0.00135066,0.995101,0.000418164
img_07079.jpg,3.97489e-05,0.000168119,1.07724e-05,0.00100112,0.998561,3.05741e-05,0.000159139,2.99479e-05
img_01847.jpg,0.000387031,0.000264866,5.33331e-06,0.000201316,8.40342e-06,1.80508e-05,7.99132e-05,0.999035
img_05489.jpg,0.934494,0.0526143,1.06305e-05,2.31217e-05,1.30262e-06,0.00454665,2.64735e-05,0.00828355
img_05755.jpg,0.844475,0.0331551,0.000301415,0.00031025,0.00276756,0.0810921,0.00105753,0.0368408
img_04586.jpg,0.926716,0.00147263,1.42863e-05,5.54695e-05,0.000105148,0.0707164,4.06411e-05,0.000879912
img_00959.jpg,0.972984,0.0224629,4.48883e-05,1.4295e-05,1.5758e-05,0.00296023,1.37827e-05,0.00150461
img_01541.jpg,1.81807e-05,7.44454e-05,4.4912e-05,0.00206397,0.997468,5.47385e-05,0.000262668,1.31328e-05
img_06860.jpg,0.000231877,0.000115289,5.38706e-06,0.000364879,0.997847,0.000247199,0.00114167,4.65128e-05
img_00648.jpg,0.94788,0.00128148,0.000125289,0.000618826,0.000181243,0.000266942,1.48623e-05,0.0496315
img_01618.jpg,0.938771,0.0105987,2.57341e-05,0.000207695,0.000164844,0.0495514,0.000257411,0.000423153
img_05410.jpg,0.000165952,0.00117446,0.000312483,3.67207e-05,5.68413e-05,0.00043862,0.000439148,0.997376
img_02656.jpg,0.513509,0.266195,0.0218402,0.0312106,0.00272112,0.0614397,0.00103216,0.102053
img_03726.jpg,0.0545737,0.276634,0.0100134,0.154816,0.0175243,0.343081,0.00512108,0.138236
img_02231.jpg,0.00153,0.0102985,5.14509e-05,0.00253734,0.977874,0.00339388,0.000756535,0.00355818
img_05292.jpg,0.11034,0.0149955,6.46569e-05,0.000176717,9.47477e-05,0.0171764,0.00105523,0.856097
img_02135.jpg,0.00506502,0.00127066,4.39276e-05,0.000709788,0.981365,0.00663612,0.00408102,0.00082855
img_05046.jpg,0.967548,0.017843,0.000153678,0.000219318,0.000214124,0.00347208,0.00909571,0.00145459
img_01632.jpg,0.292351,0.0169247,0.015105,0.000908353,0.425922,0.076784,0.00248727,0.169517
img_02949.jpg,0.787299,0.105291,3.23513e-05,0.000268746,3.3794e-05,0.086618,2.89109e-05,0.0204281
img_04872.jpg,0.940643,0.0238967,0.000316424,0.00012747,0.00126956,0.0329876,0.000137244,0.000622416
img_04044.jpg,0.516272,0.0276522,0.0191333,0.21605,0.136387,0.00974695,0.00463388,0.0701246
img_03080.jpg,0.654742,0.299713,0.00886651,0.00148657,0.000564522,0.0101153,0.00679995,0.0177123
img_05336.jpg,0.852743,0.00197745,6.25107e-05,0.00195884,0.000468992,0.142654,3.44761e-05,0.00010019
img_04013.jpg,0.0994605,0.145863,0.0021144,0.0561574,0.00140816,0.384188,0.00163131,0.309177
img_05958.jpg,3.36007e-05,0.00117181,1.01233e-06,4.02349e-06,1.74839e-06,2.55405e-05,8.57699e-06,0.998754
img_07044.jpg,0.046002,0.000627958,0.21534,0.000414445,0.0175999,0.013785,0.0108315,0.695399
img_05463.jpg,0.304135,0.0535899,1.77565e-05,0.000130701,3.20644e-05,0.0344405,0.000182446,0.607472
img_00302.jpg,0.000654501,0.000136716,0.000861391,0.000198973,0.000438026,0.00250123,0.994675,0.000533678
img_07678.jpg,0.00287619,4.64851e-05,0.0011924,0.989517,0.00208882,0.00030228,7.35798e-05,0.00390323
img_03199.jpg,0.942793,0.000929389,8.1209e-05,0.000157107,8.14763e-05,0.000851468,0.00257545,0.0525308
img_03252.jpg,0.70818,0.00177548,0.000437982,1.86415e-05,4.5586e-05,0.0131273,0.000747966,0.275667
img_06637.jpg,0.0124351,0.00175583,0.000472141,0.00503474,0.969761,0.00201386,0.000667093,0.00786049
img_05673.jpg,0.296094,0.0220804,0.000248447,0.000507545,0.0139006,0.424259,0.00218495,0.240725
img_00697.jpg,2.43298e-05,0.0032446,2.69873e-06,3.73167e-06,2.99318e-07,9.73673e-06,3.76063e-06,0.996711
img_04237.jpg,0.878284,0.0571178,0.0307394,0.000117748,0.000285048,0.000299594,0.00420526,0.0289518
img_02766.jpg,0.85017,0.00211562,0.00014473,1.07037e-05,1.40262e-05,0.00685782,0.000448563,0.140239
img_02487.jpg,0.596672,0.382592,0.000226145,0.000328436,0.00169468,2.78422e-05,0.00415334,0.0143049
img_03222.jpg,0.642104,0.353079,5.30363e-05,4.7403e-05,4.48062e-05,0.00401343,2.34001e-05,0.0006356
img_05156.jpg,0.00287518,0.0111456,0.000250101,0.00730507,0.957508,0.0124675,0.00325935,0.00518884
img_05916.jpg,0.687655,0.0482681,0.00390321,0.00013761,0.000382748,0.000168186,0.000972478,0.258513
img_00417.jpg,0.522323,0.0533417,0.000711219,0.000407491,0.000256208,0.000135541,6.61658e-05,0.422759
img_02479.jpg,8.97128e-07,2.43994e-06,9.02523e-05,0.002263,0.997457,2.43432e-06,0.000170873,1.29357e-05
img_00773.jpg,0.000610469,0.00400177,2.51057e-05,0.00225218,0.990575,0.000923737,0.000506534,0.00110567
img_05260.jpg,0.822601,0.148677,4.55028e-05,6.14897e-05,1.93322e-05,0.0273022,5.90116e-05,0.0012343
img_07146.jpg,9.15284e-06,5.35117e-06,2.28386e-05,0.000161476,0.999696,6.60745e-06,9.64036e-05,1.73963e-06
img_04479.jpg,0.0306115,0.00012597,7.06172e-05,8.37197e-05,0.00174492,0.964539,0.00276383,6.01114e-05
img_00244.jpg,0.807963,0.0475491,4.9964e-05,0.000688635,0.00062427,0.138868,0.000129723,0.00412735
img_04478.jpg,0.559147,0.367511,0.00693173,8.99815e-05,3.99334e-05,0.0224625,0.000415703,0.0434029
img_00650.jpg,0.000629222,0.0302306,0.111138,0.0119706,0.0525849,0.297791,0.494552,0.00110248
img_04002.jpg,0.0108936,0.0433747,0.00208365,0.0305567,0.458268,0.43768,0.0168696,0.000274268
img_05475.jpg,0.000640731,0.0041158,3.02473e-05,0.00188288,0.988099,0.00302309,0.000896788,0.00131187
img_03527.jpg,0.230996,0.00126629,0.0058433,4.88056e-05,0.00028611,0.202122,0.000268679,0.559168
img_02865.jpg,1.40336e-06,1.45134e-05,3.9535e-05,0.00165573,0.998152,1.26298e-05,0.000123645,6.77229e-07
img_00551.jpg,0.962083,0.00629143,0.000123753,0.00021503,5.07273e-06,0.0100801,0.000195045,0.0210065
img_04128.jpg,0.252957,0.662176,8.50707e-06,0.000113063,1.00324e-05,0.000773437,5.1538e-05,0.0839105
img_04240.jpg,0.97639,0.00548791,0.000184983,6.14448e-05,0.000115834,0.0108311,6.18366e-05,0.00686654
img_01134.jpg,0.878979,0.0120132,0.000918296,0.000158397,8.77361e-05,0.0959683,0.00177413,0.0101014
img_04757.jpg,0.33065,0.0021868,0.0176456,0.000561372,0.0163302,0.0155472,0.610965,0.00611413
img_03254.jpg,0.00228047,0.00150661,0.000224079,5.14215e-05,0.00234602,0.99184,0.00120561,0.000546172
img_01640.jpg,0.952102,0.00105379,5.74459e-05,0.000100318,0.000133774,0.000119134,8.77882e-06,0.046425
img_04750.jpg,0.222854,0.029202,0.00205765,0.000318502,0.645002,0.0937147,0.00421219,0.00263908
img_07147.jpg,3.70926e-05,0.000101737,3.91197e-05,0.0010773,0.997907,0.000189744,0.000635997,1.19931e-05
img_05963.jpg,0.857147,0.00594573,5.83759e-05,0.000129329,2.46862e-05,0.0157451,0.000603481,0.120346
img_07122.jpg,0.2957,0.130373,0.126642,0.0624934,0.00115359,0.270015,0.00167311,0.11195
img_00040.jpg,0.00122882,0.000174547,0.00228225,0.000292805,0.000675508,0.00417127,0.989703,0.00147201
img_02857.jpg,1.11573e-05,0.000105563,0.00161486,0.00151361,0.973843,0.00227343,0.00101699,0.0196213
img_02842.jpg,0.0233982,0.0116617,0.00164787,0.00033037,0.0126741,0.917748,0.0287606,0.00377935
img_03935.jpg,0.000150045,0.000742583,0.000106584,0.00589762,0.989962,0.000947785,0.00201848,0.000175077
img_03892.jpg,0.236753,0.0111317,0.00218945,0.00152544,0.00229073,0.102912,0.0516304,0.591567
img_00667.jpg,9.34452e-07,1.93536e-05,6.94189e-05,0.00280593,0.996887,1.23017e-05,0.000203888,9.86188e-07
img_07094.jpg,0.475231,0.479507,6.15886e-05,0.000198897,0.00953557,1.69656e-05,0.00135428,0.0340951
img_01782.jpg,4.16883e-05,2.42792e-05,2.32035e-05,0.000154667,0.999574,6.56936e-05,0.000104361,1.23818e-05
img_04830.jpg,0.144099,0.00203806,0.0712116,4.25e-05,0.000513536,0.00313849,0.00105293,0.777904
img_06525.jpg,0.171133,0.0125622,0.0498089,0.00193067,0.00173295,0.758637,0.000331456,0.00386382
img_07051.jpg,0.000492543,0.129352,0.000335061,0.000294367,0.00108267,0.000125011,0.854956,0.0133618
img_01781.jpg,0.00953208,0.0544242,0.000273666,0.0087166,0.852576,0.0447171,0.00601398,0.0237462
img_01392.jpg,0.000363003,0.000231979,0.97063,6.32713e-05,0.000276374,0.000262606,2.34123e-05,0.0281494
img_01538.jpg,0.168187,0.120093,0.00308351,0.00039238,6.25748e-05,0.690927,0.00185832,0.0153962
img_02318.jpg,0.00790333,0.00704836,0.000225472,0.000106758,4.63734e-06,3.73571e-05,0.000248864,0.984425
img_00129.jpg,0.00319412,6.22041e-05,0.00501293,0.000440165,0.000160833,0.00544039,0.979724,0.00596534
img_05967.jpg,0.248991,0.496281,0.00244024,0.0155399,0.000665393,0.0195501,0.000743494,0.215788
img_06059.jpg,0.00070506,0.00224336,7.23533e-05,0.00228667,0.988302,0.00244748,0.000864525,0.00307868
img_03805.jpg,0.407717,0.0183033,0.00244105,0.00154138,0.000117899,0.523592,0.00122579,0.0450616
img_03871.jpg,0.0156935,0.189718,0.173041,0.00288437,0.26049,0.0951274,0.212759,0.0502866
img_00282.jpg,0.275954,0.00470239,0.00109441,0.00065738,0.00544611,0.687429,0.00144846,0.0232691
img_05241.jpg,0.128255,0.0665574,0.0394785,0.000810213,0.0046786,0.74354,0.00152097,0.0151599
img_04257.jpg,0.000344643,2.84451e-05,2.74772e-05,0.000529745,0.998452,0.000101076,0.000434494,8.23854e-05
img_03229.jpg,0.000175535,1.73834e-05,6.68743e-05,4.0394e-05,5.37372e-05,0.000281487,0.997577,0.00178794
img_02726.jpg,0.872159,0.116415,7.48155e-05,0.00017273,7.9368e-05,0.00810133,1.44902e-05,0.00298391
img_06902.jpg,0.987036,0.000569311,7.95548e-05,1.50165e-05,0.000147857,0.000105644,3.10606e-06,0.0120436
img_07757.jpg,0.145723,0.100901,0.00780044,0.000473825,0.0923648,0.0274548,0.574164,0.0511179
img_04015.jpg,0.867046,0.0637638,2.79639e-05,3.39553e-05,1.94298e-05,0.0689866,1.89199e-05,0.000103148
img_07160.jpg,0.00217478,0.00948391,0.000107629,0.00587542,0.970518,0.00648111,0.0026937,0.00266555
img_02216.jpg,0.000144155,0.000132942,2.18746e-05,0.000640586,0.998474,0.00025337,0.000220624,0.000112056
img_04263.jpg,0.937089,0.0566828,1.3247e-05,1.98082e-05,5.83087e-07,0.00597652,4.08744e-05,0.000177414
img_07419.jpg,0.000417218,0.010255,5.85924e-06,4.42337e-06,3.14976e-06,8.83802e-05,3.99215e-05,0.989186
img_00538.jpg,0.478772,0.486489,0.000424851,0.000565955,0.000871517,0.0265338,4.65803e-05,0.0062958
img_00138.jpg,5.18941e-05,0.000224986,1.7489e-05,0.00146737,0.997856,4.72936e-05,0.000270602,6.38697e-05
img_04323.jpg,0.000154775,0.000802353,0.000167972,0.00479288,0.991301,0.00089064,0.0017438,0.000146205
img_05322.jpg,0.868388,0.0433697,1.05318e-05,3.82526e-05,0.000262221,0.000295617,3.33635e-05,0.0876025
img_01373.jpg,0.000221986,0.00437333,3.54481e-05,0.00316562,0.990708,0.000397215,0.000493276,0.000604809
img_00311.jpg,0.856905,0.000627296,0.000333484,0.0019252,0.000163643,0.00143402,0.000137239,0.138474
img_05236.jpg,0.46188,0.00264602,0.00216472,0.00011266,0.000691508,0.5106,0.0167792,0.00512656
img_07553.jpg,0.00050754,0.00277114,3.59417e-05,0.00267315,0.986432,0.0047141,0.00111134,0.00175468
img_04507.jpg,0.000331272,0.000195425,0.0069895,0.000764152,3.89284e-05,0.000944816,0.000326533,0.990409
img_04003.jpg,0.625156,0.00896026,0.00285494,0.000329259,7.28282e-05,0.35837,4.41646e-05,0.00421268
img_00289.jpg,0.000204742,0.00012239,4.74362e-05,0.000976419,0.99773,0.000493774,0.000388623,3.6716e-05
img_01874.jpg,0.870408,0.00529602,6.91414e-05,4.9342e-05,8.14901e-06,0.000720187,6.91793e-05,0.12338
img_06144.jpg,0.00486769,0.00121327,0.342985,0.00940944,0.0351945,0.0887909,0.373362,0.144177
img_01325.jpg,3.94946e-05,2.1943e-05,3.21566e-05,0.000417335,0.999273,6.11996e-05,0.000145664,9.07576e-06
img_01860.jpg,0.975334,0.00375182,0.00064601,4.05441e-05,0.000232138,0.00381159,0.000225423,0.015958
img_04268.jpg,0.858386,0.0104032,0.000117668,0.000374529,0.000490142,0.00741347,0.000502631,0.122312
img_01198.jpg,0.664515,0.0157478,0.000586997,0.00108156,0.269827,0.028288,0.00194921,0.0180047
img_01399.jpg,0.00369357,0.864495,0.00261758,0.000378523,0.00146023,0.0066066,0.0047727,0.115976
img_04427.jpg,0.0938895,0.0363984,0.000304874,0.00204902,0.000643989,0.0282242,0.00425969,0.83423
img_00927.jpg,0.00254869,0.000356696,2.38813e-06,1.6049e-05,2.70689e-06,1.30936e-05,2.64897e-06,0.997058
img_03718.jpg,0.964427,0.000201401,2.73315e-05,6.02315e-05,1.53739e-06,0.0203945,3.28816e-05,0.0148553
img_04726.jpg,1.05647e-05,2.80981e-05,5.18664e-05,0.000883388,0.998805,8.65997e-05,0.000129634,4.89774e-06
img_05838.jpg,0.645582,0.182806,0.000729491,0.000153492,6.71882e-05,0.146993,0.00011443,0.0235537
img_00102.jpg,0.00128984,0.000829801,1.12667e-05,0.000112424,7.2553e-06,3.3166e-05,0.000113276,0.997603
img_06851.jpg,0.000916836,0.000895722,0.00211564,0.00090831,0.0022413,0.0563666,0.933196,0.00335927
img_00889.jpg,0.435523,0.00983857,0.02967,0.00045223,0.000271728,0.00101739,0.00233381,0.520894
img_05584.jpg,0.742284,0.0139519,0.000348024,0.00228476,0.000340876,0.238458,0.000116206,0.00221662
img_04629.jpg,0.854415,0.00259234,0.00243158,4.29633e-05,2.88202e-05,0.00309712,0.000423271,0.136969
img_05682.jpg,0.0503366,0.200813,0.000943428,0.00229071,0.00291828,0.0292975,0.377439,0.335962
img_01537.jpg,0.159099,0.131655,0.00206944,0.00219462,0.0601515,0.60003,0.0210232,0.0237772
img_07460.jpg,0.423474,0.203026,0.000223924,0.000396678,0.00119497,0.0537093,0.000197853,0.317778
img_02943.jpg,0.708531,0.0805018,0.0268061,0.000977565,0.000214848,0.125206,0.000742765,0.0570205
img_01647.jpg,0.000315223,7.98367e-05,4.33206e-05,0.000636669,0.997985,0.000205611,0.000603874,0.000130456
img_03853.jpg,0.933805,0.00500185,1.26345e-05,5.65143e-05,6.38489e-06,0.0600057,5.27013e-05,0.00105917
img_02398.jpg,0.791067,0.166635,1.34998e-05,6.5953e-05,9.8366e-06,0.0200761,7.26286e-05,0.0220595
img_07045.jpg,0.589458,0.158247,0.00155385,5.7134e-05,0.0023383,0.000797666,0.00218341,0.245365
img_04949.jpg,0.000992648,0.0870356,0.000106954,0.000329108,0.000298333,6.44996e-05,0.898656,0.0125168
img_05059.jpg,1.30593e-05,8.47628e-05,4.30968e-05,0.00174065,0.997694,5.43063e-05,0.000360196,1.03276e-05
img_06137.jpg,0.00471143,0.00997742,0.0449747,0.00729873,0.00082123,0.0119527,0.0112113,0.909052
img_05558.jpg,0.876646,0.0097751,0.000105362,0.000823397,4.48624e-05,0.00576665,0.00282114,0.104018
img_00598.jpg,0.798395,0.0894086,8.8748e-05,0.000112592,9.11532e-05,0.110908,7.87551e-06,0.000988044
img_07538.jpg,0.0456434,0.00250823,0.00212158,0.0125236,0.000718433,0.036651,0.807478,0.0923557
img_03867.jpg,0.000455499,0.00258425,2.92313e-05,0.00178968,0.992257,0.00154287,0.000544842,0.000796737
img_03260.jpg,0.607165,0.00214262,8.35381e-05,0.000190708,0.000296632,0.389152,6.90508e-05,0.000900588
img_05953.jpg,0.613775,0.00827523,0.0244607,0.0213788,0.00254904,0.158464,0.00687887,0.164218
img_00164.jpg,1.75991e-05,8.58313e-06,5.84193e-06,0.00037562,0.99953,2.18923e-05,3.88416e-05,1.40615e-06
img_05882.jpg,0.851257,0.0116799,0.000113034,0.00013153,7.0246e-05,0.00468277,0.000153773,0.131912
img_00432.jpg,0.0638663,0.128263,0.0864286,0.000665621,0.0383271,0.675767,0.00323426,0.00344798
img_01552.jpg,0.914623,0.00687773,0.00019355,2.89248e-05,3.29897e-05,0.00329283,0.00184572,0.0731049
img_02956.jpg,0.121119,0.010686,0.000155606,7.12485e-05,7.01899e-05,8.07398e-05,0.000365905,0.867451
img_01379.jpg,0.795364,0.0099629,0.000147155,0.000164527,2.11057e-05,0.170485,0.00011386,0.0237415
img_03426.jpg,0.821054,0.0378681,0.0133577,0.00161034,0.000164785,0.000939281,0.0143176,0.110689
img_00718.jpg,0.881438,0.000344861,6.83287e-05,9.38501e-05,1.63247e-05,0.105654,2.24164e-05,0.012362
img_01593.jpg,0.105459,0.023351,2.72157e-05,0.000203512,1.05637e-05,0.000268128,0.000177087,0.870503
img_05864.jpg,0.201423,0.433544,0.0192116,0.00166331,0.00230481,0.121058,0.214065,0.00672979
img_04341.jpg,0.967928,0.0139161,0.000176902,8.24258e-05,0.00063341,0.0016288,0.0090588,0.00657614
img_04261.jpg,0.0952001,0.741249,7.40169e-05,0.000542292,0.000520871,0.000580289,0.000112336,0.161721
img_05393.jpg,0.000308258,0.0745723,8.49488e-05,8.94896e-05,0.00064747,8.65458e-05,0.915353,0.00885792
img_05433.jpg,0.0331997,0.00277224,0.0162743,0.000396671,0.00263485,0.758979,0.181685,0.00405813
img_06870.jpg,0.599624,0.29143,0.000153184,0.000477871,0.00100674,0.00626044,0.000232958,0.100815
img_00950.jpg,0.000793322,0.00218191,8.48532e-05,0.00389262,0.985169,0.0036414,0.000753493,0.00348361
img_02749.jpg,0.000162303,5.40439e-05,0.00109869,0.996305,0.00158647,0.00014023,0.000121617,0.000531799
img_00407.jpg,0.97157,0.000808105,3.21087e-05,0.000112598,4.54278e-05,0.0100726,7.98217e-05,0.0172789
img_02837.jpg,0.00333057,0.876658,0.000133516,0.000493309,0.00038325,1.53856e-05,0.000131273,0.118855
img_05976.jpg,0.602765,0.0445267,4.16936e-05,0.000277342,5.36596e-05,0.00508258,5.2084e-05,0.347201
img_00550.jpg,0.330615,0.0194807,0.0755645,0.00130349,0.0226658,0.539127,0.00122666,0.0100168
img_01328.jpg,0.511604,0.409824,0.000340092,0.00396155,0.00278466,0.0344482,0.000134369,0.036903
img_03809.jpg,0.000638103,0.0335461,0.00912947,0.000189159,0.00295873,0.00265306,0.940173,0.0107124
img_04221.jpg,0.963714,0.013145,0.000916671,0.00161825,3.48301e-05,0.0195437,3.44233e-06,0.00102359
img_03355.jpg,0.672901,0.127364,8.09965e-05,0.00299564,0.000329817,0.00295396,0.000204585,0.19317
img_02074.jpg,0.903165,0.000966346,5.60532e-05,0.000258712,5.38979e-05,0.0770042,0.000189365,0.0183066
img_05754.jpg,0.0310844,0.000139027,9.35682e-05,0.000886914,0.00794114,0.9517,0.00775695,0.000397642
img_01681.jpg,0.0768056,0.00282693,0.405174,0.00112945,0.000228828,0.0164317,0.0216267,0.475777
img_07050.jpg,5.85249e-05,0.000285604,0.000427481,0.997666,0.00109313,7.2122e-05,4.53256e-05,0.000351636
img_06549.jpg,0.873138,0.000352019,1.56312e-05,0.00058947,4.72007e-06,0.108529,2.97439e-05,0.0173411
img_00009.jpg,0.662343,0.116127,0.012225,8.01654e-05,0.000363114,0.092121,0.00183454,0.114906
img_06756.jpg,0.928719,0.0035564,5.55517e-05,0.000370805,5.82683e-05,0.0633913,3.71984e-05,0.00381127
img_06189.jpg,0.741574,0.157557,3.09205e-05,7.65529e-05,8.26384e-06,0.0347101,8.05746e-05,0.0659628
img_07448.jpg,0.627015,0.0259856,0.00183814,0.00572463,0.00322923,0.315158,0.00185322,0.0191961
img_03924.jpg,8.60398e-06,1.74846e-05,5.22819e-05,0.00130431,0.998507,4.65938e-05,6.2987e-05,1.26458e-06
img_07375.jpg,0.0320774,0.0106661,0.00403937,0.00167479,0.00346765,0.741144,0.181086,0.0258448
img_04118.jpg,0.705791,0.116981,4.27148e-05,0.00710237,0.0677291,0.0951394,0.000918999,0.0062959
img_06211.jpg,0.740642,0.167854,8.41836e-05,0.0155436,0.00014022,0.0253279,0.000240736,0.0501676
img_00716.jpg,0.0255816,0.0579037,0.000367652,0.00276407,0.0686269,0.126576,0.0297184,0.688462
img_05264.jpg,0.000718124,0.0017299,0.883092,0.000784057,0.00211731,0.00769139,0.00331171,0.100556
img_03547.jpg,0.535793,0.431033,0.000183578,0.000807352,0.000124204,0.0212318,4.00669e-05,0.0107868
img_05147.jpg,5.19942e-05,0.000405802,0.000313095,0.997646,0.00086675,1.78381e-05,6.06734e-05,0.000637527
img_05438.jpg,0.114599,0.0801359,0.000174887,3.06796e-05,0.000370358,0.802465,0.000660739,0.00156384
img_02954.jpg,5.76571e-05,7.95795e-05,0.000343693,0.00134572,0.995876,0.000183823,0.00203803,7.59077e-05
img_04310.jpg,0.917191,0.0309577,0.000804481,0.00133604,0.000162945,0.0468914,0.000100177,0.00255618
img_01825.jpg,1.06361e-05,5.87659e-06,1.21438e-05,9.59719e-05,0.99973,1.20398e-05,0.000129099,4.6372e-06
img_01616.jpg,0.413994,0.424677,0.00814749,0.00021587,0.00114374,0.0224041,0.0188688,0.110549
img_00664.jpg,0.958724,0.0238657,2.29103e-06,1.61804e-05,1.5091e-06,0.00302949,1.00213e-05,0.0143511
img_03967.jpg,0.536273,0.0680696,6.29925e-05,7.2746e-05,6.42459e-05,0.133858,0.000161533,0.261438
img_02124.jpg,0.0057668,0.000699408,0.000757839,0.000127233,0.00438677,0.985675,0.00203554,0.000551049
img_03584.jpg,2.42278e-07,0.000230596,0.000314559,0.000272201,2.47603e-05,1.23726e-05,1.41888e-05,0.999131
img_00180.jpg,0.00531415,0.000824855,1.08266e-05,0.000298771,5.63708e-05,0.000277061,1.88621e-05,0.993199
img_03140.jpg,0.386542,0.0403819,3.47383e-05,0.000162535,5.39529e-05,0.00871116,0.000448964,0.563665
img_06616.jpg,0.984218,0.000352842,6.07241e-05,0.000159484,1.63392e-05,0.00444805,0.000333025,0.010412
img_06975.jpg,0.967638,0.00612381,0.00030716,1.90671e-05,2.09669e-05,0.000194105,1.62015e-05,0.0256809
img_06947.jpg,8.73862e-05,6.2559e-05,1.91918e-05,0.000228134,0.998997,0.000354246,0.000220596,3.12329e-05
img_06734.jpg,0.0800041,0.0606097,0.000132198,0.000106504,6.21778e-05,0.00278633,7.08526e-06,0.856292
img_04723.jpg,0.00621915,0.000233411,0.0149354,8.11947e-05,3.61656e-05,6.75552e-05,1.17881e-05,0.978415
img_00272.jpg,0.405349,0.549278,0.00040641,0.00750988,0.000833617,0.0317579,0.000646385,0.00421839
img_06614.jpg,0.00145185,0.000225289,0.000748604,0.993988,0.00033847,0.000831532,0.000358539,0.00205801
img_01562.jpg,0.336509,0.0500213,1.79501e-05,0.000688485,5.40935e-05,0.00669,0.000248104,0.605771
img_04138.jpg,0.000339779,0.00748257,8.81035e-05,0.00481279,0.979579,0.00437892,0.00194876,0.00137003
img_00584.jpg,0.930747,0.000119748,0.022301,3.11895e-05,9.31478e-05,0.00262136,0.000741687,0.0433444
img_03825.jpg,0.95081,0.0223709,1.09502e-06,5.17869e-06,2.09721e-06,0.0119255,1.35983e-05,0.0148712
img_02372.jpg,4.76927e-05,0.000192927,1.80228e-05,0.00171527,0.997687,3.92363e-05,0.000235382,6.45084e-05
img_00816.jpg,0.535223,0.00143324,0.000166861,7.1258e-06,2.16355e-05,0.00169817,2.10175e-05,0.461429
img_07270.jpg,6.71626e-06,2.00461e-05,4.96949e-05,0.00129039,0.998463,8.27716e-05,8.66151e-05,8.46915e-07
img_06349.jpg,9.03891e-07,1.2154e-05,6.34451e-05,0.00211378,0.997663,8.63147e-06,0.000138155,3.83122e-07
img_05743.jpg,0.287791,0.0562768,0.0113092,0.000677574,0.00779099,0.59243,0.000561297,0.0431634
img_00591.jpg,0.000301932,0.00116143,0.000104182,0.000168133,2.77599e-05,5.51606e-05,9.42558e-05,0.998087
img_01688.jpg,5.77213e-05,0.0164682,3.97109e-06,1.59728e-05,2.15008e-06,4.85826e-05,4.01526e-06,0.983399
img_04671.jpg,0.80087,0.00340909,0.00028594,0.00126694,0.000408361,0.0694058,0.014212,0.110142
img_00654.jpg,0.854366,0.00440305,0.000722871,0.000340284,0.000146556,0.0181374,4.87985e-05,0.121835
img_01511.jpg,0.209698,0.683884,0.00013113,0.000185002,0.000144358,0.0621616,0.000242221,0.0435542
img_02679.jpg,0.01519,0.151442,0.00765617,0.00516557,0.605146,0.000322239,0.00853041,0.206548
img_02406.jpg,0.000920559,2.65618e-05,0.00049204,0.997733,0.000197787,0.000439644,2.34568e-05,0.000166859
img_07578.jpg,0.000623525,0.0292385,0.0007472,0.000402754,0.000183187,0.00205012,0.000540188,0.966215
img_06832.jpg,0.172038,0.00758627,0.00180322,0.28603,0.00227329,0.0177867,0.00048215,0.512
img_00724.jpg,0.000514205,0.01215,0.0243723,0.00481104,0.0605418,0.00377111,0.188274,0.705565
img_07746.jpg,0.0221628,0.000942827,0.00137251,0.00241382,0.00725351,0.925629,0.0359468,0.00427837
img_05568.jpg,0.967881,0.00591561,5.48393e-05,0.00102787,2.20387e-06,0.0133419,0.000979163,0.0107978
img_06237.jpg,0.000106022,0.000342172,2.20749e-05,0.00130241,0.997743,8.59591e-05,0.000249771,0.000148379
img_01571.jpg,0.329759,0.643408,0.000240203,4.8244e-05,0.000264676,4.59608e-05,0.000564447,0.0256694
img_06899.jpg,1.51729e-05,1.41351e-05,8.90759e-06,0.000380963,0.999084,3.05899e-05,0.000463569,2.51265e-06
img_07103.jpg,0.897215,0.0857769,0.000117669,0.000195201,8.3607e-05,2.27843e-05,1.22341e-05,0.0165767
img_01505.jpg,1.1087e-06,1.11825e-05,5.90064e-05,0.00285823,0.996927,9.79655e-06,0.000133025,5.52006e-07
img_03837.jpg,0.862969,0.0758657,5.13746e-05,0.000670232,0.000126771,0.0551874,9.62988e-06,0.00511953
img_01377.jpg,0.000427129,0.00457146,0.000116013,0.00446302,0.986424,0.00128971,0.0022838,0.000424453
img_05587.jpg,5.8521e-05,0.000165652,3.0111e-05,0.00148906,0.997787,8.44041e-05,0.000327337,5.76601e-05
img_02764.jpg,0.936507,0.00347154,0.000431669,9.0721e-05,0.0157911,0.00608016,0.00136759,0.0362603
img_00027.jpg,0.596713,0.0144003,0.00168417,0.00221545,0.00115753,0.114138,0.0139113,0.255781
img_06673.jpg,0.888149,0.0274968,0.000334283,0.00240473,0.00419129,0.00295398,0.00795863,0.0665109
img_03283.jpg,0.00115019,0.00201585,3.3485e-05,0.000851204,5.53248e-05,2.03548e-05,1.47829e-05,0.995859
img_03223.jpg,0.00199926,0.926618,6.08459e-05,0.000118601,2.54024e-05,1.43898e-05,2.8986e-05,0.0711343
img_02384.jpg,0.731354,0.00262423,2.53628e-05,3.61738e-05,6.6856e-06,0.0979516,0.000933768,0.167069
img_00374.jpg,0.448152,0.450658,0.000338124,0.00199084,0.00218771,0.0846951,0.000117732,0.0118609
img_06986.jpg,0.633179,0.186066,7.37476e-05,0.000406874,0.066619,0.0768154,0.000535397,0.0363046
img_07231.jpg,0.204409,0.395956,0.000235348,0.000573001,0.00471036,0.00559219,0.00107972,0.387444
img_02347.jpg,0.774091,0.0435071,0.000163882,0.000523346,0.0473806,0.13164,0.00129908,0.00139529
img_03399.jpg,0.178107,0.0233827,0.000256136,2.1289e-05,0.000553063,0.795102,0.00175535,0.000822969
img_04408.jpg,0.0358811,0.94395,2.69623e-05,0.000117174,0.000216403,1.88225e-05,1.30311e-05,0.019776
img_03869.jpg,0.367969,0.00213443,0.000569235,0.000696439,0.000818977,0.627572,0.00010609,0.000133664
img_02307.jpg,0.964953,0.0213487,0.000729758,0.000724889,0.000179691,0.00397465,0.00677601,0.0013134
img_04835.jpg,0.226384,0.0696255,0.000943232,0.071133,0.0299445,0.47522,0.000708536,0.126042
img_04712.jpg,0.00886289,0.0002995,0.45621,0.0269546,0.00153685,0.00426518,0.00167274,0.500198
img_06892.jpg,0.932502,0.0294279,3.55309e-05,6.05622e-05,1.11117e-05,0.0155538,0.000116776,0.0222926
img_00780.jpg,0.00802478,0.0580774,0.00978676,0.00245037,0.00856324,0.199952,0.0799946,0.63315
img_04271.jpg,0.0001302,0.000396208,4.50841e-05,0.0015148,0.996237,0.000511118,0.00107891,8.68002e-05
img_01716.jpg,3.98138e-05,8.61334e-05,6.69561e-05,0.00154522,0.99774,0.000201045,0.000304816,1.61646e-05
img_03440.jpg,0.00477527,0.0060913,7.40387e-05,3.12009e-05,6.01401e-05,0.000751711,3.49184e-05,0.988181
img_05426.jpg,0.000115839,0.000332835,0.000176122,0.997297,0.0013755,8.30739e-06,5.4052e-05,0.0006405
img_03952.jpg,0.474307,0.384,0.00482047,0.000849216,0.00496285,0.0229538,0.00150016,0.106606
img_07508.jpg,1.20224e-05,0.0504464,0.000864464,0.000146454,7.76601e-05,4.85169e-06,0.00323936,0.945209
img_00914.jpg,3.35158e-06,0.000676107,3.11141e-05,0.000140762,1.14185e-05,1.60342e-05,4.17926e-06,0.999117
img_00642.jpg,4.05766e-05,0.000368291,0.000462384,0.99713,0.00118039,2.45881e-05,3.83811e-05,0.000755496
img_00442.jpg,0.000652577,0.00687472,1.28447e-05,1.41619e-05,3.66544e-06,0.000122275,2.17398e-05,0.992298
img_05813.jpg,0.000341278,0.000385217,2.53043e-06,4.76969e-05,2.00096e-06,1.61395e-05,1.05505e-06,0.999204
img_06311.jpg,0.873476,0.00149135,4.0191e-06,3.21128e-05,6.69815e-06,0.124442,1.74305e-05,0.000530366
img_02607.jpg,0.00609081,0.0329531,0.000343538,0.00388744,0.942424,0.00483915,0.0044147,0.00504756
img_00005.jpg,0.00163058,0.000157163,0.000583432,0.000448576,0.99324,0.000292824,0.0032344,0.000413169
img_01963.jpg,0.792439,0.0885871,0.00998593,0.0160729,0.00123406,0.00922185,0.0312689,0.0511898
img_06806.jpg,0.00803653,0.644949,2.94861e-05,4.58598e-05,0.000403094,1.95198e-05,9.51807e-06,0.346507
img_00612.jpg,0.276597,0.0126954,0.000293867,0.000315282,0.000155415,0.657384,0.0153644,0.0371944
img_06642.jpg,0.109316,0.0958725,0.000177362,0.00183202,0.000391273,0.000882216,0.00112532,0.790403
img_00487.jpg,5.83402e-07,1.86393e-05,0.000256652,0.00836216,0.99101,7.14902e-06,0.000257775,8.71788e-05
img_05095.jpg,0.897436,0.090523,1.75822e-05,0.000123591,1.38479e-05,0.0114981,7.85064e-06,0.000379529
img_00858.jpg,0.910535,0.00351042,2.00527e-05,0.000513464,0.0381638,0.0408999,0.00504412,0.00131283
img_07352.jpg,0.801572,0.0165288,0.000269961,0.000363329,0.168134,5.15405e-05,0.00934567,0.0037346
img_02648.jpg,0.000726036,0.0133565,0.135298,0.00561524,0.0145426,0.00254126,0.00305788,0.824862
img_01142.jpg,0.522858,0.387634,0.0035264,0.00778169,0.0108377,0.00667741,0.0344724,0.0262124
img_06475.jpg,0.812156,0.00336597,8.2098e-06,4.76733e-05,6.7168e-06,0.00294653,0.000379081,0.18109
img_00723.jpg,2.74929e-06,1.85633e-05,6.08351e-05,0.000250107,0.999216,0.000112197,0.000212957,0.000126988
img_01188.jpg,0.0148841,0.0926822,0.00165047,0.068264,0.0334338,0.568024,0.0169389,0.204122
img_03928.jpg,0.395333,0.00588998,0.00453677,0.000405833,0.00326649,0.149724,0.404953,0.0358908
img_03929.jpg,0.0347458,0.0853332,0.00551615,0.0973575,0.0121378,0.597868,0.00208694,0.164954
img_07621.jpg,0.455257,0.0025849,0.00026152,0.000413164,6.31012e-05,0.00675249,0.000327552,0.53434
img_02299.jpg,0.670085,0.133401,6.41686e-05,0.0309578,0.000353037,0.115895,0.000700392,0.0485435
img_05016.jpg,0.200005,0.00916824,0.0119119,0.00282644,0.00315263,0.411698,0.0016867,0.35955
img_01918.jpg,0.00142285,0.000699995,0.00198624,0.978673,0.00516803,0.000221097,0.0013142,0.0105141
img_03471.jpg,0.000617513,0.00050139,0.00271383,0.967602,0.0181911,0.000323947,0.00139377,0.00865671
img_06203.jpg,0.922179,0.00161314,0.00104133,6.97429e-05,1.63442e-05,0.00335351,0.000293309,0.0714335
img_02799.jpg,0.958921,0.0351739,8.11722e-05,4.09696e-05,3.65285e-05,1.27097e-05,3.81359e-06,0.00572968
img_01211.jpg,0.697866,0.282857,4.00907e-05,2.59144e-05,0.000121074,2.96609e-05,1.56616e-05,0.0190449
img_04476.jpg,0.0613243,0.00787537,0.0248845,0.0120628,0.0117109,0.012552,0.368052,0.501538
img_02507.jpg,0.0197356,0.147223,0.022111,0.000874256,0.0141587,0.743798,0.00191769,0.0501816
img_03231.jpg,0.919239,0.0462837,0.000209474,0.00143917,8.81439e-05,0.0249265,0.00041411,0.00739941
img_05471.jpg,0.726093,0.0829398,0.000182993,0.000327859,4.77906e-05,0.0546362,0.000667277,0.135105
img_06798.jpg,0.776504,0.00509648,6.9271e-05,0.00190858,0.000132089,0.215974,0.000116414,0.00019918
img_04546.jpg,0.00875851,0.114192,0.00136372,0.000317983,0.00144499,0.0144727,0.0580662,0.801384
img_05857.jpg,0.912984,0.0544216,0.00125314,0.000136267,1.6805e-05,0.0216231,0.000112597,0.00945252
img_04024.jpg,0.605361,0.00587202,0.000850492,0.00104966,0.000460926,0.0527023,0.0290425,0.304661
img_06037.jpg,0.555531,0.00989403,0.000158816,6.58631e-05,5.84112e-05,0.00182185,0.000386437,0.432084
img_03228.jpg,0.944573,0.0322508,0.000261274,0.00173902,0.00397195,0.0148032,0.000100456,0.00230045
img_05948.jpg,0.320985,0.000123366,4.16417e-05,0.000265057,0.000377967,0.622897,0.0016504,0.0536597
img_05721.jpg,0.784862,0.00327452,0.0136423,0.000954019,0.0221098,0.00403728,0.0113232,0.159797
img_03931.jpg,0.485343,0.0269349,0.0145275,0.0062075,0.335545,0.00885142,0.0134771,0.109114
img_02309.jpg,0.95684,0.00258246,0.000148039,4.52159e-05,0.000226345,3.65112e-05,8.95888e-06,0.0401125
img_00446.jpg,0.849234,0.00515323,0.00062863,0.00242643,0.00384709,0.111566,0.00714116,0.0200032
img_04991.jpg,0.00142452,0.0050891,0.00163699,0.0116868,0.0482912,0.781228,0.140658,0.00998573
img_00375.jpg,0.0393615,0.00105468,0.116125,0.00217389,0.0118093,0.809438,0.0169515,0.00308635
img_06921.jpg,0.30136,0.136797,7.41814e-05,0.000175139,0.00969026,0.0350367,0.000191743,0.516675
img_05139.jpg,0.208005,0.0230346,0.258752,0.000465989,0.00348783,0.00947078,0.0154202,0.481364
img_06273.jpg,0.941966,0.037244,8.73714e-05,5.8982e-05,4.98614e-06,0.0169243,4.81744e-05,0.00366591
img_06732.jpg,0.937878,0.00129455,0.00195348,6.6116e-05,5.21687e-05,0.000610853,0.000853202,0.0572918
img_02146.jpg,0.871844,0.00460991,0.00673174,8.30364e-05,0.0286014,0.0036413,0.00033101,0.084158
img_04419.jpg,0.000281202,0.000574345,5.36347e-05,0.0018212,0.995575,0.000464936,0.00115226,7.6971e-05
img_03454.jpg,0.0279687,0.0216056,0.0319975,0.00557261,0.862148,0.000815556,0.0219182,0.0279742
img_07561.jpg,0.817138,0.0761518,0.00020801,0.0039844,0.00356145,0.0928516,0.00130779,0.00479707
img_03677.jpg,0.326245,0.126018,0.00400806,0.0022887,0.000779023,0.424652,0.00223157,0.113779
img_01444.jpg,0.00641257,0.000469245,6.28791e-05,0.00026705,2.87154e-05,0.00015428,0.00405807,0.988547
img_06003.jpg,0.758632,0.00908362,0.0033358,0.00163637,0.0154114,0.208758,0.000315875,0.00282648
img_01976.jpg,0.982109,0.000469807,9.63245e-05,4.17998e-05,0.00480936,4.40825e-05,7.3978e-06,0.0124221
img_07594.jpg,0.301917,0.339975,0.00010687,0.00663849,0.000929803,0.0426077,0.176071,0.131754
img_00575.jpg,0.410397,0.0235509,3.99266e-05,3.67496e-05,5.74543e-06,0.0198383,0.00120088,0.54493
img_06807.jpg,2.49638e-05,1.41134e-05,1.71069e-05,0.00031701,0.999275,6.79844e-05,0.000282556,1.65848e-06
img_06559.jpg,0.000401492,0.000234757,3.63642e-05,0.00141648,0.996583,0.00070261,0.000246958,0.000378723
img_06748.jpg,0.00112052,0.0480516,0.00236222,0.000746171,3.61277e-05,0.0170523,0.0032845,0.927347
img_06373.jpg,0.00181157,0.000787144,0.902958,0.000730448,0.0075178,0.00310849,0.00130507,0.0817813
img_06541.jpg,0.900998,0.00411655,0.000413696,0.000463442,0.0831455,0.00147969,0.000543363,0.00883988
img_00152.jpg,0.0150387,0.0214163,0.024956,0.000651913,0.00656155,0.132823,0.0134751,0.785078
img_02416.jpg,0.903449,0.0807406,0.000162288,0.000322973,0.000103029,6.9854e-05,2.49167e-05,0.0151272
img_06010.jpg,0.223218,0.0150218,0.00164462,0.00277495,0.000328483,0.00300719,0.0311035,0.722901
img_02209.jpg,0.00679514,0.000461399,0.00166194,8.85033e-05,0.00336207,0.986727,0.000437313,0.000466159
img_05718.jpg,0.0275393,0.141576,0.00530628,0.0830083,0.00731945,0.545346,0.00200954,0.187895
img_00837.jpg,0.862126,0.0913064,0.000116115,7.62774e-05,0.00378352,0.0398413,0.000159345,0.00259085
img_03670.jpg,0.680197,0.00814667,0.00914901,0.000665933,0.00370568,0.0253385,0.00693175,0.265866
img_06522.jpg,0.021862,0.000509046,3.55402e-05,0.000267462,0.000190177,6.97309e-05,0.000109859,0.976956
img_03847.jpg,0.00655737,0.0843308,0.00308667,0.0352038,0.167354,0.65234,0.0501281,0.000998823
img_01595.jpg,0.0811301,0.0106477,0.531329,0.000391894,0.0786404,0.0106601,0.0112258,0.275975
img_05492.jpg,0.000185249,0.000763448,0.000827491,4.03121e-05,5.03222e-05,3.04873e-05,1.98106e-05,0.998083
img_00398.jpg,0.747734,0.00342376,0.00180236,0.00012176,4.16782e-05,0.000892439,0.00151982,0.244464
img_05068.jpg,0.00707881,0.920615,3.16738e-05,3.93843e-05,6.83207e-06,0.000582837,0.000569384,0.0710759
img_01022.jpg,0.972537,0.00132627,3.43564e-05,0.000431854,4.63601e-05,0.0244634,7.70172e-05,0.00108424
img_04603.jpg,5.88254e-05,0.000199583,2.66939e-05,0.00255027,0.996222,6.00434e-05,0.000856965,2.52574e-05
img_04657.jpg,0.138333,0.00139958,0.0508434,0.00300601,0.00123496,0.787655,0.000494226,0.0170335
img_06238.jpg,0.000548561,9.1615e-05,2.83266e-05,0.00191694,0.994838,0.00187118,0.000561542,0.000143778
img_05378.jpg,0.727403,0.0269734,0.00226442,0.000434618,0.154202,0.000507943,0.000785929,0.0874291
img_07191.jpg,0.0548253,0.074598,0.122128,0.00174653,0.164671,0.567789,0.00501272,0.00922962
img_07068.jpg,0.0525305,0.085964,0.000379584,0.00311638,0.0313205,0.211549,0.00462946,0.610511
img_03238.jpg,0.792523,0.000458402,0.000375708,0.00177754,0.000201041,0.198975,0.00283012,0.00285938
img_00855.jpg,0.227489,0.268982,6.54602e-05,0.00107765,0.000190549,0.01333,0.000132088,0.488734
img_01802.jpg,0.18299,0.0339305,0.0131882,0.00475231,0.559585,0.0232766,0.0324216,0.149856
img_05479.jpg,0.796201,0.00785785,0.00162263,0.0245568,1.44727e-05,0.145756,0.00101392,0.0229782
img_03370.jpg,0.994126,0.000164822,0.000299331,0.000123838,3.54833e-05,0.001225,9.46597e-05,0.0039307
img_01431.jpg,0.000804702,0.00034925,0.000998673,0.983981,0.000948521,0.000273172,0.000244178,0.0124008
img_06318.jpg,0.441093,0.0223552,0.000938595,0.00108417,0.000594806,0.00325664,0.00146392,0.529214
img_04705.jpg,1.01211e-06,5.80349e-05,0.000113835,9.67588e-05,6.87416e-06,4.41902e-06,6.48033e-06,0.999713
img_02082.jpg,8.69475e-05,0.000248566,5.16975e-05,0.00228796,0.99571,0.000593429,0.000917114,0.000104351
img_02789.jpg,9.51477e-05,0.00017349,4.433e-05,0.000977028,0.997939,0.000265603,0.000472817,3.25283e-05
img_05835.jpg,0.916758,0.0145911,5.44642e-05,0.000694301,0.000421697,0.0373871,0.00010043,0.0299931
img_06067.jpg,7.79429e-05,0.00032323,0.919666,4.85985e-05,0.000128061,0.00150537,0.000117006,0.078134
img_04405.jpg,0.572375,0.228105,1.94976e-06,0.000207123,1.4014e-05,0.000717672,2.95153e-05,0.19855
img_03270.jpg,0.000180724,0.000398711,8.70277e-07,6.57307e-06,4.21857e-06,3.62927e-05,2.97011e-06,0.99937
img_02379.jpg,0.0399121,0.28816,1.1453e-05,0.000454286,9.88281e-05,0.00145853,2.90048e-05,0.669876
img_02522.jpg,0.841838,0.125868,0.000323637,6.95565e-05,6.40536e-06,0.00527276,1.26841e-05,0.026609
img_02916.jpg,0.773507,0.00644099,0.0011166,0.00217839,0.00079454,0.209048,0.000710678,0.00620386
img_05615.jpg,0.785654,0.0110589,0.00108588,3.40348e-05,2.298e-05,0.0834293,0.00121218,0.117503
img_02486.jpg,0.956371,0.0134231,0.000878048,0.000154676,5.14347e-05,0.0287192,1.20186e-05,0.00039058
img_01179.jpg,0.930465,0.0188288,0.00013077,0.000234412,8.96452e-05,0.048635,0.000183658,0.00143321
img_02811.jpg,0.683865,0.000236937,0.000276712,0.000132588,0.000155387,0.312895,8.18557e-05,0.00235686
img_06849.jpg,0.884235,0.0390532,0.00575125,0.00035331,0.000974563,0.00197802,0.00192616,0.065729
img_06698.jpg,0.0802549,0.0050615,0.00264856,0.000573701,0.00222625,0.796594,0.086991,0.0256501
img_03520.jpg,0.722499,0.179482,0.000229801,0.00183604,0.000277818,0.00974316,0.000192058,0.0857405
img_05440.jpg,0.896619,0.0288099,7.83844e-05,0.000156141,6.27507e-05,0.0560704,2.06801e-05,0.0181825
img_06663.jpg,5.81031e-05,0.00029189,0.000361377,0.9964,0.0025756,2.51566e-05,3.06832e-05,0.000257339
img_01495.jpg,0.0325099,0.0769432,0.000218268,0.000981057,0.000286262,0.00112997,0.000203748,0.887728
img_01995.jpg,0.101108,0.142264,0.00719995,0.0779697,0.00740158,0.433365,0.00184456,0.228847
img_04115.jpg,0.372544,0.000686332,0.000322943,0.000601331,0.000143681,0.000138471,0.000712849,0.624851
img_05488.jpg,0.255374,0.72087,0.000392955,0.000101691,0.000931095,0.00904679,0.000821606,0.012462
img_06555.jpg,0.23698,0.594122,0.00339622,0.00103078,0.002712,0.152923,0.000791216,0.00804548
img_05775.jpg,0.931308,0.00172831,2.63619e-05,0.000381214,7.04079e-05,0.0520147,5.64666e-05,0.0144142
img_05915.jpg,0.0211853,0.0844539,0.00455749,0.00181691,0.00187171,0.0381379,0.0421908,0.805786
img_06939.jpg,0.448953,0.0541918,0.049829,0.0115903,0.00252741,0.0107093,0.384557,0.0376422
img_03996.jpg,0.466314,0.292057,0.0121025,0.0153576,0.00345048,0.0157903,0.00100086,0.193927
img_00760.jpg,9.20478e-05,0.000261041,0.000799456,0.994672,0.00107352,0.000113767,0.000463745,0.00252443
