image,ALB,BET,DOL,LAG,NoF,OTHER,SHARK,YFT
img_00876.jpg,2.77865e-05,0.00521548,0.00198885,0.00271329,0.973477,0.0049198,0.00270296,0.00895494
img_01059.jpg,0.604289,0.00941725,0.00375345,0.00537798,0.00158223,0.0191078,0.0432929,0.313179
img_02834.jpg,0.356048,0.0221518,0.00785494,0.0132109,0.00733254,0.178061,0.0637429,0.351597
img_03941.jpg,0.805701,0.00333711,0.017194,0.0637558,0.0210911,0.0653487,0.0181225,0.00544992
img_05137.jpg,0.720533,0.0115981,0.0105642,0.00678579,0.00904551,0.159066,0.018659,0.0637482
img_05434.jpg,0.307099,0.0628602,0.06144,0.0993827,0.186581,0.213774,0.030952,0.0379106
img_01249.jpg,0.14674,0.0457576,0.0598658,0.103631,0.602522,0.013771,0.0167013,0.0110121
img_01116.jpg,0.883929,0.0473435,0.00903624,0.0321252,8.10515e-05,0.00883549,0.0060364,0.0126127
img_04130.jpg,0.98033,0.00157577,0.00113797,0.00148739,0.00521191,0.0012927,0.000444369,0.00852024
img_06021.jpg,0.00344371,0.142353,0.461311,0.0117683,0.00985499,0.00670941,0.0203098,0.344249
img_05657.jpg,0.493661,0.0294577,0.0138142,0.0130305,0.369972,0.0075979,0.014244,0.0582228
img_03627.jpg,0.889918,0.00736486,0.017167,0.00582002,0.0646439,0.00276338,0.00597271,0.00635042
img_00765.jpg,0.00283536,0.15229,0.00856642,0.0467217,0.0255548,0.75153,0.00419102,0.00831105
img_04127.jpg,0.137473,0.0137037,0.00368233,0.0148101,0.00197371,0.0601432,0.0424993,0.725715
img_06368.jpg,0.31074,0.103238,0.126575,0.125994,0.0391457,0.178608,0.0269494,0.0887503
img_00469.jpg,0.967133,0.002055,0.00227603,0.00801521,0.000477426,0.00677092,0.00178435,0.0114885
img_04453.jpg,0.617938,0.00117721,0.00103011,0.0097385,0.357494,0.00306757,0.00924753,0.000307104
img_03135.jpg,0.58134,0.00997774,0.00903389,0.00627991,0.00473016,0.0131395,0.006428,0.369071
img_07436.jpg,0.359763,0.00913562,0.0152703,0.0201836,0.0234468,0.254138,0.288923,0.0291388
img_07079.jpg,0.000279528,0.000235978,0.00107526,0.00153087,0.99633,3.84365e-05,0.000323427,0.00018669
img_01847.jpg,0.293223,0.00508566,0.00204434,0.00283662,0.000899621,0.00703798,0.00212894,0.686744
img_05489.jpg,0.872412,0.0441196,0.00683159,0.0294162,0.00059901,0.0233468,0.00393352,0.0193415
img_05755.jpg,0.478668,0.128938,0.0109759,0.140307,0.0443561,0.0470373,0.0306017,0.119116
img_04586.jpg,0.577679,0.079706,0.0111864,0.032592,0.0396889,0.145325,0.00733148,0.106491
img_00959.jpg,0.977555,0.000575042,0.000273991,0.00224068,0.0120999,0.00234314,0.00089459,0.00401732
img_01541.jpg,8.0095e-05,0.0571953,0.00642138,0.0162533,0.904189,0.00884291,0.00637961,0.000638903
img_06860.jpg,0.257714,0.00231188,0.00688318,0.0111072,0.697496,0.00339171,0.0192659,0.00182987
img_00648.jpg,0.992626,0.000602842,0.00035642,0.000890139,0.000494304,4.79359e-05,0.000247921,0.00473453
img_01618.jpg,0.924798,0.00846343,0.00293066,0.00306674,0.0134858,0.042119,0.00386474,0.00127161
img_05410.jpg,0.00230028,0.0155903,0.216909,0.0383319,0.0131678,0.0850142,0.00710365,0.621583
img_02656.jpg,0.535609,0.211223,0.0251481,0.130448,0.00129979,0.0376591,0.00449759,0.0541162
img_03726.jpg,0.000611809,0.431841,0.00456262,0.165613,0.0102246,0.0798408,0.0310114,0.276295
img_02231.jpg,0.0557024,0.0437839,0.00900019,0.0301036,0.689194,0.100433,0.0557019,0.0160806
img_05292.jpg,0.486669,0.0128062,0.00403166,0.00674243,0.00643924,0.0760355,0.013412,0.393864
img_02135.jpg,0.00364658,0.002721,0.00304973,0.0128775,0.964624,0.000886001,0.0109444,0.00125081
img_05046.jpg,0.10601,0.0243129,0.0159823,0.0323364,0.00265292,0.103404,0.0624069,0.652895
img_01632.jpg,0.97931,0.000634338,0.00212673,0.00074353,0.014444,0.000375292,0.000483101,0.00188286
img_02949.jpg,0.980355,0.00279632,0.00698802,0.00262427,0.00318251,0.00300814,0.00063312,0.000412523
img_04872.jpg,0.839738,0.0107218,0.000933058,0.00547306,0.00256177,0.106652,0.00917924,0.0247402
img_04044.jpg,0.773097,0.0107465,0.0469559,0.0720108,0.0576589,0.0121918,0.0107779,0.0165613
img_03080.jpg,0.953806,0.00253465,0.000560627,0.000409917,0.00496225,0.0015839,0.00101676,0.0351263
img_05336.jpg,0.967753,0.00609124,0.00363789,0.00545192,0.0001949,0.0117524,0.000722318,0.00439612
img_04013.jpg,0.0540961,0.191557,0.00255252,0.148821,0.0153865,0.129021,0.0303257,0.428239
img_05958.jpg,2.464e-06,0.00522099,0.00476314,0.00108615,0.000149971,0.0159727,0.000798692,0.972006
img_07044.jpg,0.190802,0.0214839,0.0443151,0.0140376,0.0150596,0.00450208,0.0525449,0.657255
img_05463.jpg,0.546294,0.0174815,0.00352176,0.00682269,0.00699241,0.0556145,0.0101008,0.353172
img_00302.jpg,0.370645,0.0165856,0.0188821,0.0489812,0.0095553,0.227439,0.239872,0.0680398
img_07678.jpg,0.00321171,0.0865993,0.096486,0.591318,0.0133097,0.171047,0.0341982,0.00383068
img_03199.jpg,0.776047,0.00285615,0.00293679,0.00115854,0.00154188,0.000765192,0.0021528,0.212542
img_03252.jpg,0.933943,0.00922595,0.00547986,0.00544936,0.0359355,0.00126367,0.0025852,0.00611717
img_06637.jpg,0.000332451,0.000224039,0.000661585,0.00136811,0.996445,0.00010658,0.000756096,0.000106693
img_05673.jpg,0.824012,0.0313054,0.0342305,0.00762689,0.0271768,0.037801,0.00865442,0.0291929
img_00697.jpg,0.000139242,0.0350852,0.131994,0.00335518,0.00388952,0.0036029,0.00247603,0.819458
img_04237.jpg,0.00155181,0.772375,0.0410876,0.068409,0.0338641,0.0223571,0.00865188,0.0517039
img_02766.jpg,0.982931,0.00505364,0.00280453,0.00145843,0.00164421,0.00135354,0.00243556,0.00231954
img_02487.jpg,0.840882,0.0044309,0.00263257,0.00212009,0.0117755,0.000818518,0.00675927,0.130581
img_03222.jpg,0.767837,0.0208004,0.0134349,0.00694438,0.00625489,0.179723,0.00266942,0.00233608
img_05156.jpg,0.438143,0.0278855,0.00406402,0.0599832,0.0611247,0.374336,0.0224912,0.0119718
img_05916.jpg,0.934624,0.00192565,0.00332027,0.00407994,0.0264768,0.00115413,0.00166262,0.0267567
img_00417.jpg,0.166291,0.0127854,0.00310004,0.00797555,0.00687974,0.022932,0.0106959,0.76934
img_02479.jpg,0.000374566,0.000921351,0.00343676,0.00122366,0.986264,0.000630816,0.00353257,0.00361611
img_00773.jpg,0.823614,0.0187399,0.0564673,0.0332751,0.0198341,0.0423523,0.00326289,0.00245478
img_05260.jpg,0.828137,0.0129705,0.0337417,0.00673311,0.00771484,0.0961461,0.00378458,0.0107719
img_07146.jpg,0.239109,0.0348104,0.0142851,0.00795088,0.54586,0.0186741,0.0807291,0.0585807
img_04479.jpg,0.696827,0.0124872,0.0349631,0.0122889,0.00599378,0.184558,0.0310444,0.0218375
img_00244.jpg,0.424412,0.0374153,0.0344073,0.0250079,0.0204798,0.427601,0.0193849,0.0112916
img_04478.jpg,0.70225,0.0698625,0.00272299,0.0104901,0.000990506,0.136562,0.00757151,0.0695508
img_00650.jpg,0.677216,0.0207365,0.0289375,0.0140283,0.0142912,0.182038,0.050574,0.0121794
img_04002.jpg,0.0164476,0.121593,0.0290092,0.032512,0.0339273,0.753835,0.0105628,0.00211348
img_05475.jpg,0.00277551,0.00554865,0.00248575,0.0046451,0.978865,0.00172461,0.00381199,0.000143051
img_03527.jpg,0.000171653,0.0443071,0.498188,0.00566246,0.00186213,0.0012703,0.00883539,0.439703
img_02865.jpg,0.000486031,0.0232974,0.00460249,0.014961,0.881074,0.0147985,0.0227108,0.0380703
img_00551.jpg,0.77074,0.00609996,0.0133197,0.0623997,0.0275737,0.0666284,0.0127426,0.040496
img_04128.jpg,0.0881726,0.558032,0.0118479,0.0366515,0.210383,0.0545172,0.0276161,0.0127804
img_04240.jpg,0.618759,0.0143909,0.0064959,0.00597584,0.0262124,0.0133381,0.0337983,0.281029
img_01134.jpg,0.891389,0.00286021,0.0064348,0.024816,0.00537881,0.0535447,0.00888991,0.0066871
img_04757.jpg,0.786086,0.00933302,0.0171219,0.00433298,0.0129901,0.0669675,0.00677549,0.0963934
img_03254.jpg,0.104069,0.047061,0.0131314,0.0190623,0.134985,0.648475,0.0122314,0.0209854
img_01640.jpg,0.985751,0.000825112,0.000923424,0.00166985,0.0018754,0.000221663,0.000881108,0.00785278
img_04750.jpg,0.0707369,0.0530798,0.024866,0.0120264,0.801441,0.011117,0.0113978,0.015335
img_07147.jpg,7.11006e-06,0.00918101,0.000489289,0.00217574,0.981106,0.0050178,0.001775,0.000248506
img_05963.jpg,0.223127,0.025693,0.00630502,0.00872021,0.00121002,0.0852588,0.0162067,0.633479
img_07122.jpg,0.923813,0.00270548,0.00976217,0.0102639,0.0074779,0.0270153,0.00711333,0.0118487
img_00040.jpg,0.418765,0.0126113,0.0156069,0.0354626,0.0172891,0.242643,0.205536,0.0520871
img_02857.jpg,0.0458211,0.186861,0.149386,0.0429055,0.369253,0.00931718,0.054214,0.142244
img_02842.jpg,0.104446,0.0362357,0.00987959,0.0228445,0.0853819,0.711844,0.0172272,0.012141
img_03935.jpg,0.0877814,0.000559505,0.00192402,0.00231318,0.89255,0.00131813,0.0118866,0.00166755
img_03892.jpg,0.0748337,0.0316805,0.00950902,0.012527,0.00438517,0.333149,0.151211,0.382705
img_00667.jpg,0.000247789,0.0380369,0.0073547,0.0199379,0.873825,0.0132699,0.0223264,0.0250009
img_07094.jpg,0.92723,0.000552171,0.00181842,0.00142873,0.0102552,0.00029566,0.00246457,0.055955
img_01782.jpg,3.55288e-05,0.00172363,0.000723954,0.00105407,0.99143,0.00329439,0.00159671,0.000141614
img_04830.jpg,0.665516,0.00243075,0.00662598,0.00961354,0.302965,0.00331473,0.00611185,0.00342295
img_06525.jpg,0.25186,0.0314616,0.0500037,0.108692,0.363031,0.172738,0.0151072,0.0071062
img_07051.jpg,0.585261,0.123642,0.00812893,0.0854439,0.00732354,0.11603,0.0123344,0.0618361
img_01781.jpg,0.00392967,0.163666,0.159018,0.458094,0.0422743,0.080219,0.0129494,0.0798497
img_01392.jpg,0.000912572,0.189416,0.451451,0.00984024,0.00547406,0.00438823,0.0176911,0.320826
img_01538.jpg,0.619076,0.033756,0.037235,0.0461744,0.00147199,0.234792,0.0234187,0.00407597
img_02318.jpg,0.316294,0.00401607,0.00758147,0.0134311,0.112446,0.0332248,0.00626899,0.506737
img_00129.jpg,0.600061,0.00674079,0.00882624,0.0122051,0.00434277,0.0895811,0.2051,0.0731428
img_05967.jpg,0.55404,0.0956188,0.0189158,0.185766,0.00433486,0.0147406,0.0105321,0.116051
img_06059.jpg,0.0311092,0.000760966,0.00140731,0.000731917,0.963803,0.000713925,0.000647247,0.000826105
img_03805.jpg,0.855403,0.0415435,0.012918,0.0375025,0.000728633,0.0132834,0.00492855,0.0336921
img_03871.jpg,0.12303,0.032772,0.0268585,0.022928,0.0657833,0.0302874,0.00760101,0.69074
img_00282.jpg,0.545041,0.0064338,0.0184902,0.230898,0.0100927,0.162956,0.0163885,0.00969942
img_05241.jpg,0.515471,0.00649707,0.0162393,0.264615,0.00570983,0.169535,0.0144208,0.00751105
img_04257.jpg,0.659032,0.0104695,0.0033985,0.0017887,0.00928685,0.00042937,0.00252614,0.313069
img_03229.jpg,0.16271,0.0127029,0.0157176,0.0324071,0.036353,0.36882,0.298408,0.0728807
img_02726.jpg,0.296625,0.0184434,0.125872,0.0726487,0.403365,0.00488922,0.0336434,0.0445128
img_06902.jpg,0.565007,0.00943314,0.00773148,0.0145676,0.386177,0.00168223,0.00479212,0.0106097
img_07757.jpg,0.328052,0.0385272,0.0256209,0.0129785,0.537334,0.00910294,0.0119084,0.0364759
img_04015.jpg,0.902153,0.0126341,0.00542647,0.00320234,0.00246743,0.0511778,0.00495551,0.0179831
img_07160.jpg,0.0179623,0.00287272,0.0016151,0.0106361,0.938352,0.022783,0.00457665,0.00120174
img_02216.jpg,0.0267341,0.0998538,0.0797076,0.0260711,0.347671,0.0673174,0.033148,0.319497
img_04263.jpg,0.981505,0.000456564,0.000119013,0.00198405,0.00571013,0.00244015,0.00172829,0.00605641
img_07419.jpg,0.00168502,0.0213345,0.189906,0.00758274,0.0036518,0.0785919,0.0106752,0.686573
img_00538.jpg,0.50489,0.00654718,0.00801901,0.016408,0.00411191,0.00134004,0.00193293,0.456751
img_00138.jpg,0.898762,0.00242888,0.0118102,0.00691139,0.0676147,0.00395944,0.00287799,0.00563552
img_04323.jpg,0.123434,0.000826459,0.00188502,0.0031907,0.856645,0.00132848,0.0119054,0.000784473
img_05322.jpg,0.583085,0.0901074,0.00569064,0.0558983,0.243028,0.00785089,0.0110544,0.00328593
img_01373.jpg,0.304496,0.0107903,0.055648,0.0496828,0.376649,0.085799,0.0164741,0.100461
img_00311.jpg,0.992007,0.000379251,0.000340624,0.00064553,0.000450272,6.88287e-05,0.000324931,0.00578373
img_05236.jpg,0.232905,0.0761155,0.0401297,0.0200365,0.0230381,0.10513,0.146354,0.356291
img_07553.jpg,0.241987,0.0261536,0.00623308,0.00631983,0.468037,0.237886,0.0113295,0.00205445
img_04507.jpg,0.000169634,0.00533207,0.167857,0.00768979,0.0710874,0.00270545,0.00899944,0.736159
img_04003.jpg,0.896108,0.00317867,0.00952422,0.0200294,0.006149,0.0359391,0.00762638,0.0214449
img_00289.jpg,0.6007,0.00674651,0.0044016,0.00688342,0.356219,0.0127091,0.0102875,0.00205356
img_01874.jpg,0.18156,0.0136647,0.00877547,0.00771886,0.151742,0.593449,0.018951,0.0241386
img_06144.jpg,0.00131197,0.0434534,0.324137,0.0154558,0.27858,0.144735,0.0310685,0.161258
img_01325.jpg,0.143486,0.245789,0.0803964,0.0843088,0.271338,0.0268014,0.0427294,0.10515
img_01860.jpg,0.944841,0.00139218,0.00244083,0.000908418,0.00143684,0.00671,0.00207061,0.0402
img_04268.jpg,0.952717,0.0026451,0.00240803,0.00206728,0.00374608,0.00511546,0.00312617,0.0281752
img_01198.jpg,0.453178,0.0811965,0.0210764,0.012607,0.353212,0.0035664,0.00825009,0.0669131
img_01399.jpg,0.00114699,0.271138,0.365235,0.0220517,0.0188024,0.00464089,0.0331107,0.283874
img_04427.jpg,0.519709,0.0153203,0.0101938,0.0100035,0.0110545,0.0395004,0.136607,0.257611
img_00927.jpg,0.0889373,0.0346868,0.0122219,0.0121216,0.0188557,0.0288015,0.0526363,0.751739
img_03718.jpg,0.632403,0.0100721,0.032543,0.120658,0.0448244,0.0774849,0.0288122,0.0532029
img_04726.jpg,1.59871e-05,0.0316378,0.00747061,0.017928,0.932922,0.00414505,0.00569971,0.000181106
img_05838.jpg,0.955121,0.00404296,0.00186433,0.00421445,0.0168529,0.0119093,0.00504244,0.000952631
img_00102.jpg,0.44558,0.00814085,0.00238176,0.0045678,0.00271131,0.0189749,0.0053425,0.512301
img_06851.jpg,0.669917,0.0086627,0.00599916,0.0121728,0.00740991,0.0862476,0.178031,0.0315606
img_00889.jpg,0.0360425,0.0527389,0.653339,0.016651,0.0214969,0.0618677,0.0132331,0.144631
img_05584.jpg,0.942939,0.0176078,0.0137872,0.0133472,0.00486185,0.00458895,0.00187399,0.000993875
img_04629.jpg,0.197358,0.00391679,0.00389184,0.00958525,0.770956,0.00107114,0.00261061,0.0106102
img_05682.jpg,0.156442,0.0151811,0.0330874,0.00882841,0.0133425,0.0379816,0.102859,0.632278
img_01537.jpg,0.821281,0.00718118,0.0411843,0.00588323,0.042547,0.0474808,0.0125761,0.021866
img_07460.jpg,0.856951,0.015368,0.0149678,0.0164367,0.0306733,0.00481819,0.00622999,0.054555
img_02943.jpg,0.991664,0.000708997,0.000752202,0.00142926,0.000496786,0.0015511,0.000597606,0.00279997
img_01647.jpg,0.0835013,0.0481132,0.0908218,0.0163903,0.18563,0.00798681,0.170106,0.397451
img_03853.jpg,0.990636,0.000296053,0.000154938,0.000618816,0.00454619,0.00176002,0.000296201,0.00169159
img_02398.jpg,0.12932,0.038717,0.035762,0.137355,0.00965858,0.302253,0.0182256,0.328708
img_07045.jpg,0.872065,0.00511522,0.0112031,0.0059806,0.0875448,0.00486382,0.00372577,0.009502
img_04949.jpg,0.365374,0.224447,0.0148158,0.0582622,0.00258183,0.126307,0.0286978,0.179514
img_05059.jpg,0.00027225,0.0193157,0.0143622,0.0109685,0.931051,0.00470071,0.0131749,0.00615483
img_06137.jpg,0.000136217,0.00836509,0.0313437,0.00158787,0.000472973,0.00109545,0.00117468,0.955824
img_05558.jpg,0.86099,0.00398325,0.00242774,0.00129689,0.0015486,0.0026839,0.00538595,0.121684
img_00598.jpg,0.946506,0.0100542,0.0026032,0.013436,0.000425682,0.0157837,0.00184339,0.0093479
img_07538.jpg,0.177173,0.0396037,0.0183906,0.0394235,0.0306649,0.367728,0.297169,0.0298483
img_03867.jpg,0.287221,0.0333651,0.0166545,0.0225771,0.426889,0.186678,0.0188096,0.00780628
img_03260.jpg,0.950383,0.00299907,0.00403193,0.00492559,0.0108311,0.0157419,0.00133036,0.00975753
img_05953.jpg,0.159562,0.0203084,0.244153,0.0599778,0.0165958,0.245144,0.150432,0.103828
img_00164.jpg,0.0391063,0.0170749,0.0422924,0.0454527,0.42437,0.0872013,0.0428645,0.301638
img_05882.jpg,0.733523,0.00996808,0.00502792,0.0052246,0.0124542,0.0397536,0.00759837,0.18645
img_00432.jpg,0.280069,0.109134,0.112985,0.0707117,0.0370797,0.298194,0.024873,0.0669534
img_01552.jpg,0.966774,0.0125855,0.003414,0.00188524,0.00638719,0.00100838,0.00555433,0.00239193
img_02956.jpg,0.752371,0.0489254,0.00730197,0.00530039,0.00693605,0.00710214,0.0095123,0.162551
img_01379.jpg,0.986375,0.000848595,0.000979646,0.00245335,0.00275319,0.00205565,0.0008066,0.00372812
img_03426.jpg,0.975508,0.00232024,0.0013016,0.00404595,0.011006,0.00238409,0.000270527,0.00316364
img_00718.jpg,0.976241,0.0010455,0.00217398,0.00986619,0.00135895,0.00563956,0.00115634,0.00251882
img_01593.jpg,0.301888,0.00446887,0.00204503,0.00554163,0.00100651,0.0262876,0.0116307,0.647132
img_05864.jpg,0.510757,0.35153,0.0152191,0.0320672,0.0259258,0.0260373,0.0143117,0.0241522
img_04341.jpg,0.876906,0.0094851,0.00445632,0.00515902,0.0696132,0.00447083,0.0161894,0.0137205
img_04261.jpg,0.929959,0.0124781,0.00271892,0.0302382,0.00173462,0.00292269,0.00146291,0.0184856
img_05393.jpg,0.560654,0.162129,0.00999185,0.0630582,0.00790735,0.101751,0.0192167,0.0752925
img_05433.jpg,0.423627,0.0159017,0.0158833,0.0105039,0.0233311,0.232597,0.0206666,0.25749
img_06870.jpg,0.557525,0.095295,0.0112928,0.0669093,0.0309818,0.0192225,0.032127,0.186647
img_00950.jpg,0.558145,0.0142255,0.0709722,0.019469,0.255452,0.0269907,0.0306873,0.024058
img_02749.jpg,0.902422,0.00296303,0.00374686,0.0341488,0.00701174,0.0266145,0.00414293,0.0189499
img_00407.jpg,0.861308,0.01319,0.00557442,0.0620007,0.00751058,0.0458774,0.00309871,0.00144041
img_02837.jpg,0.561537,0.155668,0.030899,0.0407595,0.0194261,0.0148791,0.0402404,0.136592
img_05976.jpg,0.117213,0.00537151,0.00241983,0.00640937,0.00200555,0.0515851,0.0175154,0.79748
img_00550.jpg,0.523385,0.0730982,0.0823187,0.0585209,0.0211795,0.146084,0.00910831,0.0863057
img_01328.jpg,0.325535,0.169898,0.0143844,0.144962,0.0807571,0.048996,0.0415755,0.173892
img_03809.jpg,0.631741,0.15849,0.00876453,0.0170237,0.00538006,0.0199556,0.0247308,0.133914
img_04221.jpg,0.974672,0.00388242,0.00142935,0.0054813,0.000548114,0.00682097,0.00153698,0.00562926
img_03355.jpg,0.143626,0.00766726,0.013952,0.00940034,0.00430305,0.0159053,0.0828018,0.722345
img_02074.jpg,0.866663,0.0435514,0.00922911,0.0548569,0.0027493,0.0169859,0.00341226,0.00255244
img_05754.jpg,0.539791,0.0155898,0.0283679,0.0108535,0.00632951,0.336094,0.0404856,0.0224881
img_01681.jpg,0.519446,0.00160337,0.000620806,0.00165289,0.00615997,0.00427899,0.00372611,0.462512
img_07050.jpg,0.0233115,0.26317,0.0335033,0.472021,0.00461904,0.0165658,0.0210912,0.165718
img_06549.jpg,0.567187,0.11444,0.0175802,0.0216934,0.00141751,0.201398,0.0135261,0.0627585
img_00009.jpg,0.770263,0.150525,0.00147582,0.00826097,0.000611847,0.0408725,0.00249228,0.0254982
img_06756.jpg,0.758992,0.0183977,0.00442263,0.0810227,0.0131602,0.095159,0.0111556,0.0176899
img_06189.jpg,0.845699,0.055519,0.0165321,0.0194669,0.0178504,0.0295029,0.0111468,0.00428288
img_07448.jpg,0.960822,0.00540936,0.00369556,0.0163546,0.00213379,0.00338988,0.0024697,0.00572484
img_03924.jpg,0.000115555,0.00856512,0.0101724,0.00759539,0.960396,0.000907212,0.00867284,0.00357601
img_07375.jpg,0.526438,0.0175197,0.015835,0.0105577,0.0155971,0.203829,0.0198443,0.190378
img_04118.jpg,0.276732,0.133207,0.0115603,0.0451956,0.0504004,0.419941,0.0294537,0.033511
img_06211.jpg,0.547973,0.0792813,0.0384409,0.025558,0.00892969,0.178675,0.0178701,0.103272
img_00716.jpg,0.114489,0.041697,0.020242,0.0355597,0.0114761,0.167551,0.319076,0.289909
img_05264.jpg,0.00147918,0.0290014,0.337856,0.00317887,0.00194725,0.0069595,0.00441157,0.615167
img_03547.jpg,0.859694,0.0535686,0.00397962,0.0311646,0.00115667,0.0359366,0.0104278,0.00407184
img_05147.jpg,0.0337053,0.083183,0.0426809,0.713009,0.00135022,0.0243211,0.0130736,0.0886773
img_05438.jpg,0.941479,0.031976,0.00100969,0.00296477,0.00283924,0.0152715,0.00183159,0.00262791
img_02954.jpg,0.166897,0.0455043,0.0674106,0.0209948,0.388434,0.083608,0.0564741,0.170677
img_04310.jpg,0.934592,0.0167624,0.0197647,0.0133749,0.00477558,0.00694972,0.00252567,0.00125526
img_01825.jpg,0.0300358,0.893314,0.0304353,0.0120175,0.0228825,0.00315275,0.00507301,0.00308905
img_01616.jpg,0.948004,0.0025892,0.00315132,0.0183223,0.00453654,0.00259206,0.0160299,0.00477441
img_00664.jpg,0.961817,0.00328367,0.00395148,0.00312409,0.0170255,0.00128834,0.00284089,0.00666895
img_03967.jpg,0.67329,0.138462,0.0155011,0.0204733,0.0447664,0.0764274,0.0120737,0.0190061
img_02124.jpg,0.0889344,0.0585276,0.00917925,0.0258572,0.101077,0.695776,0.0156727,0.00497617
img_03584.jpg,0.00206186,0.0128614,0.0910513,0.0150108,0.245603,0.00178114,0.0222799,0.609351
img_00180.jpg,0.0397677,0.00358665,0.00837587,0.00328391,0.0177605,0.00245846,0.0121534,0.912614
img_03140.jpg,0.833815,0.0813633,0.0134971,0.00705248,0.0156171,0.0368321,0.00317338,0.00864956
img_06616.jpg,0.515139,0.0173668,0.0368442,0.00936538,0.0647327,0.148509,0.0618333,0.14621
img_06975.jpg,0.866887,0.0032255,0.00747166,0.00195297,0.00738569,0.00317904,0.0130779,0.09682
img_06947.jpg,3.92294e-06,0.000988761,0.000675215,0.000678243,0.995063,0.00113583,0.00140854,4.69041e-05
img_06734.jpg,0.323159,0.0485635,0.0258647,0.0501043,0.00123639,0.12479,0.0257581,0.400524
img_04723.jpg,0.000584646,0.0315546,0.0870292,0.00156416,0.000397572,0.00208807,0.00529244,0.871489
img_00272.jpg,0.884908,0.00711943,0.0271319,0.0056232,0.0120304,0.0586689,0.00246882,0.00204974
img_06614.jpg,0.237359,0.00899886,0.0138349,0.596567,0.00538459,0.110556,0.0184079,0.0088912
img_01562.jpg,0.190773,0.0182687,0.0210988,0.0145432,0.0107356,0.0231511,0.0688661,0.652564
img_04138.jpg,0.0101405,0.00290012,0.00606097,0.00138006,0.968084,0.00313766,0.00479376,0.00350263
img_00584.jpg,0.865818,0.00682331,0.00499355,0.00598335,0.0573028,0.0010917,0.00759869,0.0503884
img_03825.jpg,0.995769,0.00100671,0.000417936,0.000869884,0.000170942,0.000715422,0.00038588,0.000664764
img_02372.jpg,0.0314436,0.0153469,0.0176153,0.00449217,0.918506,0.00401615,0.00750003,0.00108015
img_00816.jpg,0.964623,0.0019679,0.00362293,0.00222432,0.020268,0.00145067,0.00161259,0.00423028
img_07270.jpg,2.26983e-05,0.00808674,0.00856539,0.00583153,0.971645,0.000581008,0.00357308,0.00169462
img_06349.jpg,0.000153141,0.0286471,0.0149114,0.00807748,0.857582,0.0184471,0.0209849,0.0511971
img_05743.jpg,0.867845,0.00199123,0.00511838,0.0716573,0.00262167,0.0446697,0.00323741,0.0028591
img_00591.jpg,0.347779,0.018244,0.0148145,0.00821981,0.0037284,0.0478603,0.0208487,0.538506
img_01688.jpg,0.596585,0.00783381,0.00356171,0.00545336,0.0033521,0.0219596,0.0272551,0.333999
img_04671.jpg,0.715208,0.00731905,0.0066242,0.00267779,0.00469867,0.00413645,0.0128349,0.246501
img_00654.jpg,0.527839,0.0639747,0.0325301,0.0386719,0.18653,0.0250474,0.0237259,0.10168
img_01511.jpg,0.90477,0.00427196,0.0437664,0.00680561,0.00373147,0.0294477,0.00615275,0.00105447
img_02679.jpg,0.821308,0.0836434,0.021382,0.0294814,0.00575304,0.00252523,0.0111645,0.0247427
img_02406.jpg,0.180005,0.00756432,0.011716,0.662165,0.00537498,0.117063,0.0126725,0.00343959
img_07578.jpg,3.53517e-05,0.0964482,0.0457208,0.00358467,0.00043537,0.00130168,0.0185956,0.833878
img_06832.jpg,0.679176,0.0185823,0.02945,0.0112294,0.00569357,0.0118411,0.0165395,0.227488
img_00724.jpg,0.000877906,0.00310325,0.00427477,0.00802186,0.00513455,0.00650445,0.452967,0.519117
img_07746.jpg,0.803654,0.00992961,0.0259851,0.00653214,0.00875648,0.111448,0.0147116,0.0189831
img_05568.jpg,0.844158,0.0090584,0.000729928,0.00303737,0.00314532,0.00502,0.00121735,0.133633
img_06237.jpg,0.968318,0.00357267,0.00491009,0.00326467,0.00903719,0.00127854,0.000961183,0.00865753
img_01571.jpg,0.972794,0.000574647,0.000842754,0.000514903,0.00227308,0.000214361,0.000789994,0.0219959
img_06899.jpg,0.0904302,0.00346232,0.0103303,0.00791352,0.789823,0.004514,0.0908075,0.00271964
img_07103.jpg,0.781482,0.02203,0.0147839,0.0260934,0.0729204,0.00381423,0.035446,0.0434305
img_01505.jpg,0.000362588,0.00861989,0.00291376,0.00391054,0.950496,0.013022,0.0100905,0.0105843
img_03837.jpg,0.666685,0.120154,0.0276553,0.0596936,0.0647496,0.0287277,0.00618598,0.0261493
img_01377.jpg,0.311726,0.035883,0.0406498,0.0529587,0.500874,0.01703,0.00662276,0.034256
img_05587.jpg,0.218525,0.026381,0.0647732,0.594456,0.0293798,0.041783,0.0110768,0.0136253
img_02764.jpg,0.990205,0.00156595,0.000494093,0.000476352,0.00442809,0.000706469,0.000662694,0.00146155
img_00027.jpg,0.671182,0.0088053,0.00443466,0.00650231,0.0190632,0.0984006,0.0196436,0.171969
img_06673.jpg,0.982302,0.000362968,0.000189034,0.000183244,0.00701772,0.00166847,0.000202469,0.00807401
img_03283.jpg,0.560479,0.0349005,0.0430694,0.0628617,0.000499014,0.0604573,0.015662,0.222071
img_03223.jpg,0.871885,0.0542727,0.0203097,0.00637085,0.00188161,0.0122938,0.00884337,0.0241436
img_02384.jpg,0.271014,0.0193935,0.00826282,0.017378,0.0112831,0.0642875,0.105893,0.502488
img_00374.jpg,0.865509,0.0104625,0.00257607,0.00803734,0.000842225,0.0772762,0.00333513,0.0319613
img_06986.jpg,0.629322,0.236675,0.0520137,0.0224393,0.00307633,0.0401262,0.00838809,0.00795911
img_07231.jpg,0.958022,0.00897173,0.0024445,0.0209854,0.000769723,0.00323874,0.00117357,0.00439478
img_02347.jpg,0.14985,0.102864,0.0302901,0.0113428,0.578631,0.00398726,0.0157456,0.107289
img_03399.jpg,0.892548,0.0339877,0.00257,0.00573954,0.0135423,0.0367316,0.00996746,0.00491384
img_04408.jpg,0.503507,0.159753,0.0195352,0.17956,0.0205506,0.0339708,0.0250283,0.0580953
img_03869.jpg,0.658075,0.0209934,0.0121853,0.0273283,0.0436942,0.0683493,0.00786806,0.161506
img_02307.jpg,0.27479,0.0188978,0.00911074,0.0264091,0.00300418,0.0512123,0.0327073,0.583869
img_04835.jpg,0.00497992,0.148107,0.00411694,0.028468,0.00980255,0.770613,0.00635482,0.027557
img_04712.jpg,0.0201898,0.0429424,0.060961,0.01191,0.0820481,0.0145204,0.0536646,0.713764
img_06892.jpg,0.788341,0.0110849,0.0101641,0.0173242,0.00841951,0.00373634,0.00567328,0.155257
img_00780.jpg,0.00860727,0.0778726,0.202691,0.0352882,0.0247578,0.317726,0.057609,0.275448
img_04271.jpg,0.0201348,0.000753818,0.000406613,0.00314213,0.971632,0.00126937,0.00254282,0.000118088
img_01716.jpg,3.81537e-05,0.00788179,0.0021369,0.00634508,0.979033,0.00152903,0.00286997,0.000166084
img_03440.jpg,0.000103987,0.0339981,0.222558,0.00289717,0.00165833,0.000403459,0.00664326,0.731737
img_05426.jpg,0.0175662,0.163668,0.0449966,0.683788,0.00164702,0.0220611,0.0143704,0.0519031
img_03952.jpg,0.673467,0.0183144,0.0529941,0.0206954,0.0354471,0.0695211,0.0103918,0.119169
img_07508.jpg,0.209287,0.0103308,0.0136667,0.0205105,0.0366231,0.0140722,0.578846,0.116663
img_00914.jpg,0.00421829,0.0261004,0.0905683,0.0148827,0.17073,0.0508946,0.0206367,0.621969
img_00642.jpg,0.00582562,0.384594,0.0234626,0.376274,0.00537871,0.0165363,0.0128033,0.175125
img_00442.jpg,0.000368115,0.0069995,0.0610675,0.00776223,0.00085694,0.00829696,0.00526516,0.909383
img_05813.jpg,0.0918147,0.0849935,0.0146565,0.0564922,0.00102736,0.0258262,0.0768292,0.64836
img_06311.jpg,0.649478,0.0419506,0.0103749,0.0101972,0.0688904,0.0901242,0.00812698,0.120857
img_02607.jpg,0.1375,0.0313746,0.0853156,0.03273,0.534165,0.147439,0.028772,0.00270386
img_00005.jpg,0.168134,0.00122462,0.0110823,0.00259257,0.806652,0.00502025,0.00350512,0.00178935
img_01963.jpg,0.87176,0.00125457,0.000883547,0.00159291,0.00523198,0.00207757,0.00110991,0.11609
img_06806.jpg,0.125587,0.486633,0.095401,0.0418874,0.0499819,0.00640815,0.137166,0.0569367
img_00612.jpg,0.43871,0.0950914,0.00959491,0.0158385,0.0187674,0.388074,0.0215705,0.0123528
img_06642.jpg,0.0616978,0.0136686,0.00456409,0.00782125,0.00223884,0.0105709,0.00899695,0.890442
img_00487.jpg,0.000118844,0.0009086,0.00222818,0.000904684,0.991948,0.000168703,0.00259657,0.00112651
img_05095.jpg,0.933461,0.0314575,0.00924343,0.0068203,0.000102778,0.00496051,0.00364857,0.0103056
img_00858.jpg,0.895705,0.00813259,0.00258343,0.0065103,0.0307706,0.0285534,0.00555195,0.0221929
img_07352.jpg,0.946026,0.000919964,0.000961802,0.00330188,0.00113365,0.00016782,0.00285903,0.0446294
img_02648.jpg,0.188032,0.0394006,0.528929,0.0160982,0.00677611,0.0331482,0.0141341,0.173481
img_01142.jpg,0.818868,0.0185101,0.0308532,0.039753,0.0359789,0.0327476,0.00704589,0.0162431
img_06475.jpg,0.662905,0.00929671,0.0106914,0.00838892,0.00307153,0.0727621,0.0575072,0.175377
img_00723.jpg,0.666637,0.00726697,0.00410535,0.0148036,0.288964,0.00223572,0.0104988,0.00548818
img_01188.jpg,0.00500102,0.0870216,0.00615505,0.0363173,0.021011,0.834849,0.00394918,0.00569587
img_03928.jpg,0.668735,0.022563,0.0148538,0.0192572,0.00461141,0.0272614,0.0133958,0.229323
img_03929.jpg,0.023761,0.258955,0.00545335,0.151022,0.0153242,0.252549,0.0375542,0.255381
img_07621.jpg,0.626539,0.00319923,0.00248146,0.00744484,0.00443192,0.0279956,0.0101244,0.317784
img_02299.jpg,0.480571,0.115409,0.0670657,0.0307587,0.0128689,0.200353,0.0294149,0.0635582
img_05016.jpg,0.727154,0.0485671,0.0141255,0.00972425,0.0101887,0.103447,0.0230342,0.0637594
img_01918.jpg,0.140805,0.118076,0.0379153,0.487407,0.00446686,0.0188223,0.0237993,0.168708
img_03471.jpg,0.0369072,0.0952199,0.0523493,0.283318,0.00757726,0.045652,0.0617842,0.417192
img_06203.jpg,0.812289,0.00715351,0.00277233,0.0031039,0.00822124,0.0091284,0.00719521,0.150137
img_02799.jpg,0.763589,0.0294669,0.0180277,0.0255331,0.06689,0.00541865,0.0421398,0.0489349
img_01211.jpg,0.723842,0.0550748,0.00810219,0.0701373,0.0745296,0.0104615,0.0244137,0.0334391
img_04476.jpg,0.0568816,0.0338515,0.0228646,0.022653,0.0480544,0.344779,0.157302,0.313614
img_02507.jpg,0.192543,0.0542045,0.237131,0.158004,0.0579176,0.206564,0.0272463,0.06639
img_03231.jpg,0.562682,0.0133591,0.174837,0.100581,0.0520574,0.0651564,0.01309,0.0182377
img_05471.jpg,0.165661,0.00379832,0.00192797,0.00564286,0.00156101,0.0314669,0.0171286,0.772813
img_06798.jpg,0.331552,0.101073,0.0314476,0.0327855,0.057148,0.307781,0.0250861,0.113126
img_04546.jpg,0.01023,0.0253115,0.0970959,0.0119262,0.00769766,0.0280438,0.0196279,0.800067
img_05857.jpg,0.962422,0.00526513,0.00300865,0.0110982,0.00191103,0.00675645,0.00422654,0.00531244
img_04024.jpg,0.767988,0.00578035,0.00783241,0.00303344,0.00274974,0.00916637,0.00990426,0.193545
img_06037.jpg,0.634762,0.00443718,0.0108165,0.0254305,0.0630921,0.0143778,0.213622,0.0334624
img_03228.jpg,0.864013,0.00353339,0.0072466,0.0686609,0.000300856,0.0425921,0.00216916,0.0114837
img_05948.jpg,0.0537424,0.0520019,0.00819664,0.0185312,0.0103792,0.817929,0.0325415,0.00667847
img_05721.jpg,0.0319263,0.0536988,0.719991,0.0161409,0.0103702,0.0664733,0.0106418,0.0907575
img_03931.jpg,0.370146,0.0473062,0.0217116,0.0740077,0.338432,0.00388906,0.0467237,0.0977841
img_02309.jpg,0.989192,0.00119791,0.000947419,0.00199238,0.000956298,0.000190195,0.000752825,0.00477089
img_00446.jpg,0.868511,0.000972711,0.00217755,0.00175254,0.00553053,0.116449,0.00195785,0.00264805
img_04991.jpg,0.00353717,0.0258449,0.0146851,0.00858909,0.0103269,0.933246,0.00285447,0.00091681
img_00375.jpg,0.122758,0.0719382,0.0703561,0.169538,0.363426,0.168808,0.0275625,0.00561206
img_06921.jpg,0.984323,0.00253348,0.000816148,0.000551608,0.00710796,0.000706179,0.000835935,0.00312548
img_05139.jpg,0.0242395,0.0875637,0.554008,0.0474017,0.0135901,0.0818987,0.0136979,0.1776
img_06273.jpg,0.482731,0.330655,0.025503,0.0350046,0.000765964,0.111131,0.00873795,0.00547116
img_06732.jpg,0.99411,0.000135865,0.000368778,0.00251786,0.000763812,0.000178715,0.00155521,0.000369349
img_02146.jpg,0.74111,0.00196606,0.0021799,0.002843,0.245446,0.00136458,0.00182945,0.00326109
img_04419.jpg,0.0253347,0.0173424,0.00603846,0.00755832,0.899207,0.0298536,0.0122623,0.00240292
img_03454.jpg,0.455099,0.00837094,0.0124033,0.0253381,0.422504,0.00459567,0.0582388,0.0134508
img_07561.jpg,0.242635,0.397547,0.0223574,0.042862,0.0666093,0.182134,0.0204547,0.0254012
img_03677.jpg,0.867405,0.0400417,0.0103174,0.0393495,0.000256447,0.0142433,0.00283187,0.025555
img_01444.jpg,0.846828,0.00525892,0.00236618,0.00289642,0.0123212,0.0131687,0.00656392,0.110597
img_06003.jpg,0.687023,0.0561615,0.011811,0.0416149,0.00117991,0.150458,0.0166633,0.0350885
img_01976.jpg,0.902717,0.0194819,0.00470577,0.00470769,0.00809511,0.00101221,0.00881076,0.0504694
img_07594.jpg,0.661591,0.00438765,0.00562436,0.00273759,0.00202864,0.00327154,0.0213544,0.299005
img_00575.jpg,0.455569,0.00870634,0.00578436,0.0120844,0.00358604,0.0212213,0.0791713,0.413877
img_06807.jpg,0.175787,0.00142014,0.00552843,0.00479798,0.776343,0.00278669,0.0308126,0.00252445
img_06559.jpg,0.40651,0.0153031,0.00607365,0.0077164,0.230686,0.00220637,0.00991973,0.321585
img_06748.jpg,2.07758e-05,0.0106409,0.0299407,0.00188001,0.000588443,0.00130357,0.0012871,0.954338
img_06373.jpg,0.129602,0.0501616,0.585272,0.0168732,0.0133091,0.0514474,0.0311694,0.122165
img_06541.jpg,0.43506,0.0515501,0.0101882,0.0239549,0.400394,0.0310972,0.00901647,0.0387387
img_00152.jpg,0.0107689,0.0058199,0.00380756,0.00910528,0.00127298,0.0301858,0.00148533,0.937554
img_02416.jpg,0.0828416,0.32669,0.0582903,0.0348016,0.0853024,0.041055,0.10659,0.264428
img_06010.jpg,0.682679,0.0059484,0.00239665,0.00516168,0.00055422,0.0114714,0.00412945,0.287659
img_02209.jpg,0.0560257,0.0378998,0.0102679,0.0352173,0.012122,0.820881,0.0134878,0.0140984
img_05718.jpg,0.000451852,0.382444,0.00512818,0.130874,0.0243714,0.0854937,0.0391644,0.332073
img_00837.jpg,0.746872,0.0856592,0.0170971,0.0387402,0.011629,0.0529775,0.00551932,0.0415054
img_03670.jpg,0.932092,0.000712343,0.00270617,0.00975275,0.0440438,0.00176648,0.00769413,0.00123183
img_06522.jpg,0.841801,0.00104844,0.000295605,0.00053015,0.000511667,0.00195655,0.000376879,0.15348
img_03847.jpg,0.013245,0.0958672,0.0374413,0.0522817,0.0559932,0.731065,0.0102998,0.00380675
img_01595.jpg,9.96308e-06,0.00862724,0.0022029,0.00191985,0.97607,0.00718562,0.00309554,0.000889119
img_05492.jpg,0.00446046,0.0215746,0.134266,0.0016865,0.000608098,0.00496284,0.00383498,0.828606
img_00398.jpg,0.389936,0.0188928,0.00812176,0.0182485,0.0692986,0.0111645,0.174773,0.309564
img_05068.jpg,0.714996,0.0281902,0.0028218,0.0246702,0.000866006,0.0221908,0.0227327,0.183532
img_01022.jpg,0.191203,0.137355,0.0634085,0.291099,0.0232735,0.176084,0.0178903,0.099686
img_04603.jpg,0.312805,0.00681179,0.0239441,0.00573875,0.483189,0.0115859,0.00692319,0.149003
img_04657.jpg,0.305577,0.0699994,0.161768,0.216763,0.172917,0.0479233,0.0202731,0.0047794
img_06238.jpg,0.181206,0.0055081,0.00504555,0.00411628,0.70532,0.0728017,0.0175186,0.00848408
img_05378.jpg,0.965747,0.00131515,0.00173041,0.00150034,0.0250644,0.000786561,0.000901589,0.00295482
img_07191.jpg,0.261292,0.113123,0.181607,0.0993975,0.039922,0.239344,0.0113585,0.0539563
img_07068.jpg,0.102753,0.0455757,0.0131696,0.0181102,0.010201,0.132041,0.395682,0.282468
img_03238.jpg,0.856665,0.00882254,0.00379351,0.00272097,0.00387378,0.04011,0.0154557,0.0685583
img_00855.jpg,0.502368,0.0107771,0.0205824,0.102377,0.00958021,0.118315,0.00392927,0.23207
img_01802.jpg,0.544229,0.0356563,0.0128629,0.0465965,0.273876,0.00272754,0.0248031,0.0592488
img_05479.jpg,0.788915,0.00705018,0.0163521,0.029727,0.00550622,0.100965,0.0144716,0.0370137
img_03370.jpg,0.871176,0.00239862,0.00140297,0.00166515,0.00164693,0.00503526,0.00221522,0.11446
img_01431.jpg,0.0334908,0.0830181,0.0616527,0.754535,0.0113692,0.0312208,0.0137202,0.0109929
img_06318.jpg,0.12523,0.0474239,0.0100803,0.0230959,0.00271957,0.260487,0.0906068,0.440357
img_04705.jpg,0.00111699,0.0408134,0.382658,0.00960438,0.191972,0.00357698,0.0173184,0.352939
img_02082.jpg,0.0293561,0.00416525,0.0064603,0.0067839,0.882269,0.0032441,0.0658545,0.00186726
img_02789.jpg,0.0877656,0.00235173,0.0121667,0.00757117,0.836899,0.00193265,0.0497064,0.00160671
img_05835.jpg,0.777029,0.0114148,0.0659784,0.0329832,0.0365731,0.0262738,0.00974497,0.0400027
img_06067.jpg,0.00663335,0.066312,0.625433,0.00402301,0.0048942,0.00381008,0.00599453,0.2829
img_04405.jpg,0.267092,0.0251094,0.0180621,0.0193454,0.00534962,0.0339635,0.219694,0.411384
img_03270.jpg,0.0840868,0.0115172,0.0226558,0.00744913,0.034004,0.00874623,0.0378526,0.793688
img_02379.jpg,0.442002,0.000558239,0.000840426,0.00102447,0.00682172,0.000833178,0.00116663,0.546753
img_02522.jpg,0.881008,0.0280224,0.0160923,0.0212816,0.0167446,0.020099,0.00312537,0.0136264
img_02916.jpg,0.97647,0.00137661,0.0120301,0.00120173,0.00212233,0.00242497,0.000717882,0.0036566
img_05615.jpg,0.874016,0.0145058,0.01199,0.00568286,0.0847078,0.00235162,0.00422381,0.00252254
img_02486.jpg,0.431456,0.0282626,0.239618,0.0308079,0.0147385,0.194206,0.0296633,0.0312488
img_01179.jpg,0.912223,0.00695534,0.00508725,0.0130342,0.0020364,0.0262619,0.0192735,0.0151284
img_02811.jpg,0.87791,0.00464389,0.0110536,0.0194023,0.00680314,0.0401034,0.00582463,0.034259
img_06849.jpg,0.141938,0.0154308,0.0103088,0.0116704,0.00314391,0.0527224,0.0356688,0.729117
img_06698.jpg,0.531308,0.0189678,0.0167951,0.0105517,0.0282651,0.230096,0.0263435,0.137672
img_03520.jpg,0.724206,0.0194532,0.0293676,0.0308222,0.110518,0.0372939,0.0100867,0.0382526
img_05440.jpg,0.974939,0.00140306,0.00965068,0.0019411,0.00529507,0.00586133,0.000712386,0.000197196
img_06663.jpg,0.0159155,0.306128,0.0297273,0.495764,0.00287259,0.0358472,0.0150121,0.0987333
img_01495.jpg,0.926571,0.0100327,0.0025135,0.00434352,0.000388521,0.0148998,0.00325125,0.0380001
img_01995.jpg,0.00433096,0.382332,0.00296757,0.109044,0.0370508,0.310155,0.0360625,0.118058
img_04115.jpg,0.843077,0.00194315,0.00330951,0.00124468,0.00212736,0.00151467,0.00180253,0.144981
img_05488.jpg,0.701539,0.0914956,0.0120553,0.0523732,0.00544984,0.109638,0.0228522,0.00459637
img_06555.jpg,0.807216,0.030721,0.0467525,0.0230874,0.0400577,0.0381864,0.00524528,0.00873357
img_05775.jpg,0.910099,0.0158475,0.00677449,0.0387743,0.000335128,0.0153496,0.00442755,0.00839234
img_05915.jpg,0.00102033,0.0359868,0.614954,0.00410265,0.0111882,0.036221,0.0148284,0.281699
img_06939.jpg,0.243321,0.0141763,0.0217893,0.044735,0.00304296,0.0834342,0.0401183,0.549383
img_03996.jpg,0.886174,0.0107279,0.00718828,0.079997,0.000939725,0.00257072,0.00523585,0.00716634
img_00760.jpg,0.037616,0.149381,0.0580531,0.684098,0.0162396,0.0183924,0.0264368,0.00978348
img_00232.jpg,0.000442134,0.0753072,0.0253718,0.014528,0.0363976,0.00331232,0.844083,0.000557884
img_04959.jpg,0.916732,0.00300829,0.0125958,0.0105315,0.0287115,0.0017275,0.00496894,0.0217247
img_07467.jpg,0.829121,0.0275429,0.0125499,0.0189956,0.062178,0.00461986,0.0205351,0.0244576
img_06859.jpg,0.192379,0.0271455,0.155052,0.171678,0.190005,0.10809,0.0333552,0.122295
img_05284.jpg,0.369917,0.36665,0.0156999,0.0092766,0.065649,0.0400128,0.00977058,0.123024
img_06038.jpg,0.0707403,0.043452,0.211198,0.0603608,0.00385031,0.0629607,0.0310957,0.516342
img_03290.jpg,0.380608,0.0204145,0.014464,0.00807757,0.00435318,0.0206303,0.0232092,0.528243
img_03764.jpg,0.656493,0.109067,0.0322596,0.0397552,0.00076979,0.0266062,0.0103263,0.124723
img_02993.jpg,0.00493802,0.0361175,0.149306,0.0184688,0.00608046,0.0336237,0.0181256,0.733339
img_06332.jpg,0.230354,0.0134004,0.0174736,0.0344743,0.0633997,0.0186203,0.479879,0.142399
img_04036.jpg,0.284935,0.0132457,0.0146901,0.0115282,0.00170153,0.0335127,0.122554,0.517833
img_04425.jpg,0.616909,0.07524,0.0173049,0.0953308,0.00214257,0.06947,0.0153002,0.108302
img_06345.jpg,0.105982,0.00616583,0.00371618,0.0127506,0.00237182,0.00642373,0.0118383,0.850752
img_05908.jpg,0.0285342,0.00443943,0.0168763,0.00471779,0.908715,0.00176854,0.0277396,0.00720938
img_02830.jpg,0.180064,0.0859872,0.0301639,0.0312191,0.0110577,0.151838,0.173641,0.33603
img_05989.jpg,0.663462,0.0358663,0.0245638,0.0279167,0.113446,0.0144364,0.0178114,0.102497
img_00141.jpg,0.000346657,0.0131476,0.0500743,0.00548572,0.00201926,0.00312707,0.00202643,0.923773
img_00948.jpg,0.320346,0.0153007,0.0326297,0.0302973,0.578013,0.00665272,0.00336532,0.0133954
img_03891.jpg,0.894667,0.0535278,0.00397224,0.00736271,0.000340802,0.0197126,0.00287456,0.0175419
img_02889.jpg,0.89979,0.0123774,0.00601501,0.0316007,0.014075,0.0273403,0.00503103,0.0037705
img_06608.jpg,0.944688,0.00618393,0.00291033,0.0100475,0.00129286,0.0122342,0.00555242,0.0170906
img_07906.jpg,0.00174367,0.047578,0.45309,0.00978402,0.012686,0.106317,0.0341823,0.334618
