image,ALB,BET,DOL,LAG,NoF,OTHER,SHARK,YFT
img_00876.jpg,0.00205074,0.00023856,6.93894e-05,2.55942e-05,0.993039,0.00439568,6.6644e-05,0.000113942
img_01059.jpg,0.0139894,0.0147898,0.00752621,0.000540284,0.314944,0.0473247,0.025545,0.57534
img_02834.jpg,0.670237,0.0492375,0.0150208,0.0200523,0.133253,0.00612747,0.00179869,0.104273
img_03941.jpg,0.0153165,0.00126157,0.00544804,0.0173219,0.912673,0.0382483,0.00121717,0.00851315
img_05137.jpg,0.29949,0.00435455,0.00880941,0.00421864,0.193064,0.0116554,0.00118618,0.477222
img_05434.jpg,0.0594088,0.00330766,0.00134576,0.0136579,0.884675,0.0355791,0.000311818,0.00171427
img_01249.jpg,0.728678,0.0258156,0.000334183,0.00040012,0.236721,0.00687671,0.000837209,0.000337856
img_01116.jpg,0.544012,0.00203566,0.00248725,0.0302199,0.0431011,0.299237,0.000687363,0.0782203
img_04130.jpg,0.000545514,9.82162e-07,0.000117412,0.000156881,0.998912,3.06208e-05,0.000167187,6.93171e-05
img_06021.jpg,0.000235607,0.000429364,0.835964,0.00119918,0.152093,0.000590624,0.00260875,0.00687991
img_05657.jpg,0.00158056,0.000190424,0.00608814,0.000325582,0.98921,0.00208893,0.000179749,0.000336925
img_03627.jpg,0.00495639,0.00466358,0.0799675,0.00175269,0.854124,0.00122453,0.00192812,0.0513831
img_00765.jpg,0.0556165,0.177441,0.00089881,0.00480221,0.357012,0.398698,0.000727127,0.00480386
img_04127.jpg,0.140408,0.330711,0.0182234,0.147702,0.293388,0.0277018,0.0058593,0.0360059
img_06368.jpg,0.00674184,0.000140534,0.00248114,0.00142023,0.895064,0.0833018,0.000297398,0.010553
img_00469.jpg,0.675658,0.0157141,0.000666167,0.0305088,0.00144971,0.00825525,0.00573145,0.262017
img_04453.jpg,0.000366929,6.95019e-05,1.18583e-05,8.17851e-05,0.998282,0.00100839,0.000119022,6.01605e-05
img_03135.jpg,0.00497488,0.000465512,0.00197958,0.00826607,0.976839,0.00476906,0.000607576,0.00209843
img_07436.jpg,0.0192267,0.00287812,0.00383746,0.00798726,0.950178,0.0060498,0.000826991,0.00901591
img_07079.jpg,0.00107907,0.000111435,6.41179e-05,2.09769e-05,0.997764,0.000579888,0.000131483,0.000249434
img_01847.jpg,0.186508,0.00372304,0.00925561,0.05377,0.0137701,0.0230113,0.000210116,0.709751
img_05489.jpg,0.763474,0.0497571,0.000409134,0.00251847,0.106498,0.0760002,0.000130355,0.00121212
img_05755.jpg,0.687168,0.00234574,0.000915643,0.084401,0.134706,0.0441336,0.000926378,0.0454035
img_04586.jpg,0.906885,0.0384667,1.04675e-05,3.41861e-05,0.0326717,0.0214451,5.65068e-05,0.000430568
img_00959.jpg,0.383737,0.134003,0.00429338,0.00344251,0.184561,0.143531,0.112151,0.0342816
img_01541.jpg,0.000236153,1.31714e-05,0.000165396,7.3535e-05,0.994647,0.000983472,0.000130532,0.00375089
img_06860.jpg,0.0308344,6.39906e-05,3.68345e-05,0.000190684,0.967587,0.00119349,2.2963e-05,7.02215e-05
img_00648.jpg,0.755501,0.00534278,0.000565199,0.000416559,0.23459,0.000873074,0.000232818,0.00247876
img_01618.jpg,0.360406,0.0027495,0.000876757,0.00142039,0.00732115,0.624247,0.00157684,0.00140222
img_05410.jpg,0.00765637,0.00562392,0.449306,0.0029593,0.128959,0.0281005,0.0627899,0.314605
img_02656.jpg,0.242345,0.00147653,0.00295684,0.365386,0.130868,0.249967,0.00299221,0.00400937
img_03726.jpg,0.00537684,0.0364418,0.00077379,0.0020774,0.85278,0.0996175,0.00184548,0.00108749
img_02231.jpg,0.240371,0.000344331,0.00380336,0.517292,0.203225,0.0210866,0.00814841,0.00572993
img_05292.jpg,0.353785,0.035677,0.0261161,0.145552,0.280072,0.00677957,0.0019012,0.150118
img_02135.jpg,0.00398723,0.00136702,0.000332708,0.000347242,0.992283,0.000694554,0.000830527,0.000157689
img_05046.jpg,0.391537,0.00953842,0.0137459,0.00357016,0.197015,0.0435359,0.00256019,0.338498
img_01632.jpg,8.96201e-05,0.000232001,0.00248657,0.000731985,0.995459,0.000286131,0.000294214,0.00042086
img_02949.jpg,0.00211377,0.000134531,0.00165588,0.00124828,0.992074,7.87291e-05,0.000239866,0.00245488
img_04872.jpg,0.595668,0.00257515,0.000320081,0.00315569,0.166642,0.225475,0.00284896,0.00331486
img_04044.jpg,0.0421915,0.000678154,1.83259e-05,7.28396e-05,0.320748,0.000196548,0.000263814,0.63583
img_03080.jpg,0.458049,0.0713559,0.0225647,0.00516922,0.402791,0.00386538,0.0170038,0.0192016
img_05336.jpg,0.780488,0.00116933,0.000481519,0.105086,0.00163444,0.105865,0.000355766,0.00491995
img_04013.jpg,0.00170904,0.00142871,0.000281718,0.00177577,0.933946,0.0598997,0.00074464,0.000214389
img_05958.jpg,0.00467447,0.0157583,0.220907,0.00610723,0.00221389,0.00564502,0.00982088,0.734873
img_07044.jpg,0.000150246,9.38082e-05,0.500049,0.000770707,0.395821,0.000622888,0.00285026,0.0996425
img_05463.jpg,0.163241,0.0204028,0.00849899,0.0408952,0.727096,0.00692596,0.00178394,0.0311557
img_00302.jpg,0.0654682,0.00274015,0.00216834,0.00716386,0.867131,0.0197051,0.00105137,0.0345716
img_07678.jpg,0.236172,0.0330465,0.00450593,0.417498,0.0190013,0.00119492,0.00822343,0.280358
img_03199.jpg,0.0221652,0.0113531,0.00487339,0.0048387,0.950735,0.00400522,0.00110585,0.000923612
img_03252.jpg,0.026853,0.0108058,0.450234,0.0089416,0.287932,0.00441978,0.0139592,0.196856
img_06637.jpg,0.0100539,0.000153522,0.000226465,0.000129026,0.987586,0.00116212,0.000118453,0.000570993
img_05673.jpg,0.0209403,0.000808468,0.00374102,0.000716024,0.966307,0.0007684,0.00216657,0.00455266
img_00697.jpg,0.0296438,0.00942318,0.534143,0.0134996,0.117551,0.0271152,0.0262718,0.242352
img_04237.jpg,0.0102647,0.00330626,8.73134e-05,9.07737e-05,0.984371,0.000598848,0.000901185,0.000379749
img_02766.jpg,0.0111028,0.0112799,0.0112283,0.000264025,0.927745,0.000745303,0.000506653,0.0371279
img_02487.jpg,0.525777,0.066588,0.000768577,0.00107708,0.136089,0.0273338,0.00119556,0.241171
img_03222.jpg,0.94194,0.000228662,3.37528e-05,0.000345836,0.0030875,0.052037,5.61932e-05,0.00227138
img_05156.jpg,0.0100239,0.002042,0.00114995,0.00621816,0.969702,0.00600001,0.00172794,0.00313651
img_05916.jpg,0.00167652,0.000714737,0.00424516,0.915377,0.0246577,0.0110207,0.000471213,0.041837
img_00417.jpg,0.524811,0.0586414,0.00387249,0.0548587,0.0893547,0.00170481,0.000682109,0.266075
img_02479.jpg,0.00234719,0.00114386,0.00779323,0.0017314,0.984065,0.00069312,0.00126033,0.000965497
img_00773.jpg,0.0112132,0.00044975,0.00249993,0.000991742,0.964276,0.00674832,0.000696729,0.0131246
img_05260.jpg,0.00114156,4.84777e-05,0.00135736,0.000203968,0.99574,0.000608729,0.000635749,0.000263793
img_07146.jpg,0.0101102,0.000190859,0.00490233,0.000103668,0.924401,0.0284374,0.00149863,0.0303564
img_04479.jpg,0.00898203,0.00707802,0.000346799,0.000217792,0.976377,0.0042947,0.000879445,0.00182436
img_00244.jpg,0.866161,0.00153783,3.76358e-05,0.0012475,6.18905e-05,0.129101,3.9192e-05,0.0018142
img_04478.jpg,0.746862,0.0444428,0.000455364,0.00817639,0.0807547,0.106119,0.00449658,0.00869321
img_00650.jpg,0.023568,0.00161169,0.000550536,0.000108202,0.971512,0.00150064,0.000955358,0.00019383
img_04002.jpg,0.456823,0.0128745,0.000850593,8.42243e-05,0.422092,0.106678,0.000113311,0.000485082
img_05475.jpg,0.013949,6.25473e-05,0.000250772,6.97941e-05,0.982996,0.00256385,8.09754e-05,2.73681e-05
img_03527.jpg,0.000404287,0.000624231,0.609082,0.00411265,0.344244,0.000520859,0.00138174,0.03963
img_02865.jpg,0.000151017,3.61624e-06,2.41041e-06,1.11874e-05,0.999739,2.65376e-05,4.42895e-06,6.1784e-05
img_00551.jpg,0.00274313,0.00132312,0.00287047,0.00199411,0.979234,0.0113594,0.000214047,0.000261184
img_04128.jpg,0.474764,0.29887,0.000730308,0.00465944,0.0965668,0.00108226,0.0014444,0.121883
img_04240.jpg,0.635256,0.00183609,0.00152989,0.00072709,0.132184,0.000189916,0.000216434,0.228061
img_01134.jpg,0.00266554,0.00208311,0.00138383,0.00849138,0.938379,0.0454867,0.000657062,0.000853694
img_04757.jpg,0.505347,0.00303068,0.00649458,0.00472122,0.193196,0.0171676,0.00104153,0.269001
img_03254.jpg,0.00709075,0.00173287,0.000452681,4.3193e-05,0.983933,0.00284872,0.00116759,0.00273102
img_01640.jpg,0.518866,0.000512276,0.00629161,0.00994818,0.450938,0.0125017,0.000575142,0.000367302
img_04750.jpg,0.0022456,0.000136081,0.000327507,0.000207163,0.994938,0.000620714,3.91051e-05,0.00148556
img_07147.jpg,0.000356398,1.51098e-05,0.000215842,9.80935e-05,0.990683,0.00108457,7.70914e-05,0.00746925
img_05963.jpg,0.768081,0.00121028,0.0015568,0.00158597,0.20844,0.00243625,0.00143612,0.0152533
img_07122.jpg,0.805277,0.0501432,0.00188788,0.0042931,0.00934498,0.12525,0.00220571,0.0015982
img_00040.jpg,0.0368903,0.00200325,0.00445333,0.0165118,0.886245,0.00727583,0.00142545,0.0451945
img_02857.jpg,0.0219024,0.00213392,0.00186241,0.000613268,0.971994,0.000837428,0.000371802,0.000285039
img_02842.jpg,0.00875295,0.00735416,0.00138634,4.71456e-05,0.94717,0.0159047,0.0159438,0.0034405
img_03935.jpg,0.00520946,0.000333123,0.000530734,0.000970174,0.973091,0.00346376,0.0157935,0.000607841
img_03892.jpg,0.101627,0.00725458,0.00935058,0.00738735,0.799017,0.00617877,0.00181178,0.0673732
img_00667.jpg,7.12757e-05,2.29943e-06,2.84539e-06,6.29931e-06,0.999859,1.48801e-05,4.27138e-06,3.94509e-05
img_07094.jpg,0.782926,0.0432408,0.00045645,9.7139e-05,0.0157265,0.00024602,0.000318543,0.156989
img_01782.jpg,0.000515933,1.82612e-05,7.81617e-05,3.39193e-05,0.998792,0.000368094,4.6807e-05,0.000146431
img_04830.jpg,0.00388673,0.000151569,0.00284424,0.000151486,0.959306,0.0198012,0.000903907,0.0129547
img_06525.jpg,0.377493,0.00963555,0.0215445,5.63326e-05,0.0918814,0.499252,1.44795e-05,0.000122494
img_07051.jpg,0.0380112,0.025969,0.0125662,0.00995342,0.0414612,0.0833921,0.525362,0.263285
img_01781.jpg,0.101152,0.00547397,0.00501902,0.537472,0.315265,0.0271863,0.00164555,0.00678662
img_01392.jpg,2.38205e-05,0.00101577,0.781784,0.000505205,0.209559,0.000176421,0.00120376,0.00573207
img_01538.jpg,0.55617,0.0223719,0.030517,0.0242579,0.0125409,0.293267,0.00824872,0.0526257
img_02318.jpg,0.0211588,0.00672955,0.00534407,0.00452052,0.0325435,0.21893,0.00050986,0.710263
img_00129.jpg,0.0528801,0.00140174,0.0025745,0.0104886,0.90204,0.0139865,0.0010835,0.0155451
img_05967.jpg,0.65801,0.00744046,0.000313977,0.0568852,0.0499413,0.0732276,0.000384551,0.153797
img_06059.jpg,0.000261803,6.69475e-06,7.70228e-05,2.03352e-05,0.999166,0.000362979,6.21922e-05,4.3126e-05
img_03805.jpg,0.498033,0.00860734,0.00121503,0.0349857,0.0222377,0.425771,0.000731227,0.00841934
img_03871.jpg,0.118243,0.0193875,0.287048,0.162678,0.285867,0.11735,0.00303119,0.00639501
img_00282.jpg,0.0156756,0.00235484,0.00336295,0.0114214,0.944725,0.0174775,0.000760928,0.00422154
img_05241.jpg,0.011493,0.00157031,0.0017615,0.00207359,0.955571,0.0232797,0.00212151,0.00212966
img_04257.jpg,0.00435597,0.0128154,0.000269256,0.000272969,0.977482,0.000233621,0.00165644,0.00291445
img_03229.jpg,0.498203,0.0054358,0.0422514,0.0200373,0.339749,0.0028257,0.00563845,0.0858592
img_02726.jpg,0.00202022,0.000144752,0.00245254,0.00133154,0.98889,0.00467136,9.30781e-05,0.000396605
img_06902.jpg,0.00275889,0.00119238,0.00256428,0.588983,0.363317,0.0374315,0.00339082,0.000361903
img_07757.jpg,0.00975796,0.00132079,0.00317353,0.000163017,0.969043,0.00688736,5.72753e-05,0.00959685
img_04015.jpg,0.765737,0.0225445,0.000788425,0.000525849,0.077316,0.132138,0.000375559,0.000574586
img_07160.jpg,0.00869776,0.000232908,7.58434e-05,0.00484635,0.983343,0.00262167,0.000114582,6.74793e-05
img_02216.jpg,0.00549265,0.00707934,0.0014354,0.0013575,0.979312,0.00379112,0.000865333,0.000666982
img_04263.jpg,0.364163,0.0169862,0.0059453,0.00169844,0.189294,0.378975,0.027611,0.0153272
img_07419.jpg,0.000641645,0.00227555,0.371529,0.00107682,0.0403593,0.00830719,0.0153251,0.560486
img_00538.jpg,0.863703,0.00143526,0.000637815,0.0341988,0.0386544,0.0385132,0.000120155,0.0227375
img_00138.jpg,0.202803,0.0390907,0.00806927,0.0186296,0.269299,0.00892869,0.00159114,0.451588
img_04323.jpg,0.00493549,0.000341553,0.00210209,0.000695652,0.975568,0.00569849,0.00880052,0.00185782
img_05322.jpg,0.882615,0.0667724,0.000122233,0.00207087,0.0459994,0.00038759,0.000576243,0.00145633
img_01373.jpg,0.0102335,0.00393147,0.00117704,0.00747985,0.965472,0.00220549,0.000855926,0.0086449
img_00311.jpg,0.783071,0.00132387,0.000408758,0.000137592,0.21393,0.000363133,0.000139674,0.000626112
img_05236.jpg,0.0798012,0.0132853,0.00617318,0.0170893,0.849736,0.00651842,0.00192833,0.0254687
img_07553.jpg,0.0289508,0.0158223,0.00282113,0.00128407,0.9277,0.0164095,0.00588676,0.00112573
img_04507.jpg,0.00223798,0.00507457,0.618385,0.00435011,0.00352334,0.103057,0.0778156,0.185556
img_04003.jpg,0.0499914,0.00347867,0.012469,0.0153298,0.888551,0.0133572,0.00170381,0.0151188
img_00289.jpg,0.00893271,0.0001824,7.25139e-05,5.12427e-05,0.990227,0.000154098,8.60475e-05,0.000293764
img_01874.jpg,0.9172,0.000427913,0.000839724,7.04999e-05,0.0317119,0.00126156,6.43264e-05,0.0484243
img_06144.jpg,0.000207702,0.000146089,0.840903,0.00150164,0.150724,0.00117193,0.00181214,0.00353387
img_01325.jpg,0.000825507,1.40066e-05,0.00911332,0.00065788,0.987547,0.00147777,0.000160899,0.000203203
img_01860.jpg,0.481374,0.00287373,0.00447786,0.00554137,0.449879,0.00439883,0.00281,0.0486448
img_04268.jpg,0.583189,0.00363341,0.0034575,0.0225926,0.225339,0.00128766,0.000229134,0.160272
img_01198.jpg,0.00500332,0.000951897,0.0048097,0.000305839,0.985525,0.00261293,0.000129245,0.000661856
img_01399.jpg,0.00188579,0.0873989,0.33519,0.000665948,0.0622281,0.0555179,0.109352,0.347761
img_04427.jpg,0.458727,0.0351735,0.0093765,0.0253352,0.172685,0.0107059,0.0327919,0.255205
img_00927.jpg,0.871167,4.11164e-05,0.000335736,0.000293434,0.0388489,0.000179496,8.20803e-05,0.0890527
img_03718.jpg,0.00206461,0.00493254,0.00477119,0.00286197,0.980343,0.0041654,0.000188145,0.000673372
img_04726.jpg,0.000363931,1.5068e-05,7.21648e-05,4.11278e-05,0.991417,0.00111787,6.55778e-05,0.00690768
img_05838.jpg,0.668456,0.0839224,0.000940389,0.012399,0.118057,0.114958,0.000355815,0.000910914
img_00102.jpg,0.167118,0.00512079,0.0263692,0.00489317,0.316704,0.0884718,0.00608193,0.385242
img_06851.jpg,0.00957423,0.00192005,0.00465759,0.0210596,0.944045,0.00395853,0.00109849,0.0136861
img_00889.jpg,0.000289311,0.00127288,0.54713,0.00457906,0.314142,0.000423329,0.00605653,0.126107
img_05584.jpg,0.00890126,0.0114117,0.00278714,0.0040477,0.968449,0.00342781,0.000370766,0.000604261
img_04629.jpg,0.0474676,0.00826416,0.00035846,0.000224109,0.934465,0.00809151,0.000502456,0.00062656
img_05682.jpg,0.00359772,0.000946688,0.00188209,0.00152217,0.98705,0.0043135,0.000417527,0.000270164
img_01537.jpg,0.0121334,0.000598404,0.000326,0.000146469,0.981398,0.0042173,0.000329524,0.000851167
img_07460.jpg,0.0205101,0.000567178,0.00495583,0.00244218,0.966165,0.000528362,0.000569665,0.00426161
img_02943.jpg,0.00510177,0.00779879,0.00792178,0.00740837,0.946173,0.0211637,0.000395669,0.00403696
img_01647.jpg,0.000434143,0.000406164,0.000198782,0.000112992,0.997097,0.000809048,0.000819326,0.000122547
img_03853.jpg,0.471595,0.00186065,0.00422686,0.00323908,0.0247997,0.369856,0.00270001,0.121723
img_02398.jpg,0.0496394,0.0365724,0.00210162,0.04828,0.818883,0.0121532,0.00145889,0.0309119
img_07045.jpg,0.133124,0.0207967,0.00929402,0.293696,0.216651,0.00692669,0.000448653,0.319064
img_04949.jpg,0.0657526,0.105677,0.00296581,0.00212248,0.0476476,0.103344,0.535609,0.136881
img_05059.jpg,0.000418745,0.000470948,0.000784794,0.000164046,0.965245,0.0263346,0.000109365,0.00647289
img_06137.jpg,0.00455163,0.0349506,0.61165,0.0042197,0.0315211,0.0293319,0.11328,0.170495
img_05558.jpg,0.511289,0.000100908,0.000356171,0.000121625,0.38898,0.00113621,0.000300004,0.0977159
img_00598.jpg,0.876536,0.00883597,0.000152973,0.00875546,0.0569262,0.00121741,0.000289895,0.0472865
img_07538.jpg,0.485724,0.00187901,0.000243584,0.000136022,0.48564,0.00110182,0.00145556,0.0238202
img_03867.jpg,0.00319689,0.00477335,0.000318365,0.0244217,0.948257,0.0155632,0.000622348,0.00284681
img_03260.jpg,0.00244859,0.000357712,0.00170783,0.00123412,0.991066,0.000940583,0.000138968,0.00210631
img_05953.jpg,0.0246452,0.00655332,0.00849782,0.00328219,0.903397,0.020678,0.000471455,0.0324747
img_00164.jpg,0.000387107,0.00159621,0.00335308,0.000223656,0.992473,0.00131064,0.000506179,0.000149745
img_05882.jpg,0.104217,0.00894145,0.00178649,0.0242115,0.851095,0.00340859,0.000896581,0.00544249
img_00432.jpg,0.00517938,0.000134172,0.00276041,0.00122426,0.140675,0.80006,0.000125356,0.0498415
img_01552.jpg,0.0334786,0.00366484,0.0160498,0.000547683,0.873832,0.00272555,0.00260749,0.0670941
img_02956.jpg,0.439884,0.0171169,0.00328052,0.000432854,0.194577,0.0251119,0.0218297,0.297768
img_01379.jpg,0.00753636,0.000858792,0.00114228,0.00189606,0.984466,0.00132388,0.000153978,0.00262272
img_03426.jpg,0.00886996,0.0263257,0.0016311,0.00464007,0.925755,0.0148722,0.00363804,0.0142679
img_00718.jpg,0.00505967,0.00413893,0.00334421,0.00638401,0.957494,0.0224399,0.000140495,0.000998474
img_01593.jpg,0.477971,0.00180641,0.00259238,0.000773031,0.391735,0.0306797,0.000317891,0.0941251
img_05864.jpg,0.572065,0.246272,0.00694778,0.0004495,0.0909769,0.0518535,0.0129006,0.0185341
img_04341.jpg,0.989578,0.00514612,0.00141816,7.92975e-05,0.00016673,0.00201694,0.00112777,0.000466734
img_04261.jpg,0.798628,0.124826,0.00344422,0.0161346,0.0393049,0.00254919,0.000409154,0.0147039
img_05393.jpg,0.0380479,0.0383478,0.00140204,0.00561457,0.0149838,0.0619712,0.601479,0.238154
img_05433.jpg,0.08845,0.00665188,0.00127144,0.00210455,0.870162,0.00199767,0.000596871,0.0287658
img_06870.jpg,0.725793,0.0995872,0.00293113,0.0766543,0.0824034,0.00288729,0.000743003,0.00900074
img_00950.jpg,0.000356838,0.000159647,0.000139381,5.17584e-05,0.998158,0.000875195,0.000161749,9.78801e-05
img_02749.jpg,0.215764,0.0317361,0.00447534,0.581198,0.0704309,0.0294754,0.00956573,0.0573544
img_00407.jpg,0.422386,0.000330923,0.0301577,0.18153,0.309609,0.0287483,0.00103305,0.026205
img_02837.jpg,0.736946,0.0297512,0.00345109,0.068415,0.0680806,0.0135351,0.00349272,0.0763281
img_05976.jpg,0.384846,0.0954915,0.0584025,0.0574668,0.188892,0.124849,0.00355489,0.0864969
img_00550.jpg,0.00029857,1.83932e-05,0.00497605,0.003868,0.193468,0.757661,8.52045e-05,0.0396248
img_01328.jpg,0.633645,0.0244402,0.00820952,0.105798,0.154343,0.0462948,0.0138946,0.0133751
img_03809.jpg,0.59877,0.0565375,0.00292727,0.000162883,0.233292,0.00931854,0.0438594,0.0551319
img_04221.jpg,0.876217,0.000325517,0.000117173,0.0249322,5.88855e-05,0.00507577,0.000248232,0.093025
img_03355.jpg,0.0652756,0.0123247,0.00540935,0.0131646,0.852807,0.0117069,0.00196332,0.0373486
img_02074.jpg,0.336562,0.0380011,0.00461557,0.26609,0.206711,0.141304,0.00201053,0.00470613
img_05754.jpg,0.00777147,0.00455838,0.00506184,5.77627e-05,0.950528,0.0236774,0.00806797,0.000277621
img_01681.jpg,0.00291189,0.0241082,0.00559623,0.00420746,0.947309,0.0112945,0.00179262,0.00277976
img_07050.jpg,0.0160279,0.000374932,0.00103134,0.962261,0.0122887,0.00723468,0.000239617,0.00054175
img_06549.jpg,0.712929,0.00891079,0.00264681,0.1224,0.0459754,0.0861363,0.00151088,0.0194914
img_00009.jpg,0.940617,0.0122146,0.000192255,0.000411288,0.00835617,0.0331714,0.000105081,0.00493204
img_06756.jpg,0.0133591,0.00254454,0.0011918,0.0153489,0.952882,0.00947776,0.000553159,0.00464321
img_06189.jpg,0.529241,0.413323,0.000444704,0.00427527,0.0095004,0.0372914,0.00142773,0.00449706
img_07448.jpg,0.0306553,0.0021424,0.00273748,0.00307693,0.95857,0.00204358,0.000137461,0.000637017
img_03924.jpg,0.000308412,0.000238246,0.000778536,9.42835e-05,0.996725,0.00165878,0.000102875,9.33275e-05
img_07375.jpg,0.135784,0.0012309,0.00163262,0.0019704,0.854965,0.00157853,0.000617084,0.00222186
img_04118.jpg,0.8694,0.0267633,0.000353695,0.00127047,0.0269829,0.0526957,2.61051e-05,0.0225079
img_06211.jpg,0.525306,0.000292441,0.00016617,0.00529225,0.000600286,0.46531,0.000149755,0.00288333
img_00716.jpg,0.0193284,0.0183577,0.0128278,0.00628058,0.89768,0.0161711,0.000950343,0.0284036
img_05264.jpg,0.0291471,0.00117073,0.617278,0.00146189,0.197491,0.00868795,0.00176523,0.142999
img_03547.jpg,0.880624,0.0215416,0.000331419,0.0151755,0.0354905,0.0451685,0.000260404,0.00140837
img_05147.jpg,0.0382513,0.00748487,0.00173992,0.941284,0.00518641,0.00251128,0.000293403,0.00324841
img_05438.jpg,0.529996,0.0760051,0.00273373,0.00100647,0.054065,0.318893,0.0018629,0.0154379
img_02954.jpg,0.0143494,0.0102212,0.000329124,8.40415e-05,0.9744,0.000457082,9.10402e-05,6.81369e-05
img_04310.jpg,0.0197325,0.00189893,0.00506252,0.00280702,0.966141,0.00101515,0.00097054,0.00237192
img_01825.jpg,0.000418599,7.0234e-05,0.00595438,0.000271287,0.992601,0.000425488,0.000153198,0.000106061
img_01616.jpg,0.621189,0.00296202,0.0138945,0.000602711,0.0715821,0.0737675,0.00945342,0.206548
img_00664.jpg,0.0668087,0.114507,0.329779,0.00656102,0.230213,0.118031,0.0384657,0.0956345
img_03967.jpg,0.692258,0.0921446,0.0011047,0.00267819,0.0299773,0.088652,0.000882821,0.0923026
img_02124.jpg,0.00416916,0.00337515,0.00131954,0.000123336,0.974193,0.0137064,0.00179967,0.00131426
img_03584.jpg,2.27708e-05,1.78599e-05,0.00521031,9.93013e-06,0.00433967,3.89432e-05,7.02296e-06,0.990353
img_00180.jpg,0.0336574,0.0227404,0.032925,0.0195787,0.864586,0.00262464,0.00359835,0.0202893
img_03140.jpg,0.716993,0.0251582,0.00396132,0.00785181,0.067411,0.0538748,0.00392165,0.120829
img_06616.jpg,0.0362436,0.00249027,0.00115401,0.00129313,0.946239,0.0024848,0.00048121,0.00961436
img_06975.jpg,0.0566375,0.00126157,0.00295821,0.00303011,0.920707,0.00332729,0.000873607,0.0112045
img_06947.jpg,0.00113814,2.29633e-05,0.00243363,4.64282e-05,0.990373,0.00519391,0.000345933,0.000445814
img_06734.jpg,0.593719,0.0156348,0.00367513,0.0548487,0.0884286,0.063125,0.00208913,0.17848
img_04723.jpg,3.26927e-05,0.000439217,0.846244,0.00131193,0.144422,0.000231104,0.0012931,0.00602618
img_00272.jpg,0.10758,0.018395,0.0125986,0.0788789,0.0497142,0.231651,0.000454381,0.500728
img_06614.jpg,0.0689621,0.00208414,0.00651149,0.0606358,0.841022,0.0121062,0.00115841,0.00752002
img_01562.jpg,0.0643406,0.00575571,0.00655365,0.0216334,0.791701,0.0232762,0.00197566,0.0847632
img_04138.jpg,0.0182512,0.00673916,0.000383844,0.000562652,0.928789,0.0434211,0.00180565,4.687e-05
img_00584.jpg,0.0087842,0.00109308,0.000186204,0.000108581,0.98056,0.001893,0.000706182,0.00666866
img_03825.jpg,0.708665,0.0129721,0.00764468,0.0709615,0.0785016,0.119638,0.000739734,0.000877467
img_02372.jpg,0.0054451,7.94189e-05,0.0004632,0.000111901,0.990775,0.002562,0.000303607,0.000259734
img_00816.jpg,0.00165984,0.000472439,0.0062477,0.00100192,0.984472,0.000700566,0.00221998,0.00322567
img_07270.jpg,0.000246008,0.000249933,0.000150073,0.000102911,0.992845,0.00578412,0.000133211,0.000488325
img_06349.jpg,0.000586855,6.14361e-05,7.36489e-05,2.04933e-05,0.997697,0.00144491,4.97433e-05,6.60101e-05
img_05743.jpg,0.00962687,0.00058314,0.00471149,0.00699558,0.932143,0.0176502,0.00699967,0.0212901
img_00591.jpg,0.680702,0.00225451,0.00351196,0.0116037,0.200013,0.00120073,0.00126681,0.0994474
img_01688.jpg,0.0342672,0.0179439,0.00228022,0.000889577,0.171731,0.0928497,0.00661449,0.673424
img_04671.jpg,0.68401,4.33987e-05,0.000280235,6.62779e-05,0.307544,0.000228187,0.000114379,0.00771354
img_00654.jpg,0.000111677,0.000210848,0.00094054,0.00018904,0.998235,0.000223543,2.44796e-05,6.44121e-05
img_01511.jpg,0.00943318,0.000284015,0.000703215,0.000193647,0.983912,0.00182265,0.000207713,0.00344328
img_02679.jpg,0.00560797,0.00852817,0.00184921,0.000609107,0.976801,0.000335075,8.00351e-05,0.00618901
img_02406.jpg,0.0118098,0.0176424,0.00205062,0.920844,0.0440368,0.00180518,0.000698643,0.00111286
img_07578.jpg,0.00459261,0.00304604,0.786669,0.00150329,0.0917097,0.0231091,0.00364433,0.0857262
img_06832.jpg,0.398369,0.00205248,0.0213761,0.255325,0.0543835,0.0297392,0.00584179,0.232913
img_00724.jpg,0.0538557,0.00901326,0.0464665,0.0410513,0.157212,0.0533816,0.091289,0.547731
img_07746.jpg,0.0117867,0.0372255,0.0335174,5.96579e-05,0.179844,0.552851,0.183396,0.00131984
img_05568.jpg,0.000119188,2.99398e-06,0.000841441,0.000114489,0.997556,0.00119342,6.27818e-05,0.00010968
img_06237.jpg,0.0361334,0.00110305,0.00311002,0.00237458,0.950936,0.00111771,0.000447967,0.00477733
img_01571.jpg,0.424881,0.0461811,0.00853246,0.00622942,0.182473,0.109064,0.0128967,0.209742
img_06899.jpg,0.00126147,0.000162074,0.000496643,0.000243528,0.994348,0.00148661,0.00190787,9.38448e-05
img_07103.jpg,0.861598,0.100527,0.000380849,0.00694196,0.0294364,0.00055491,0.000355841,0.000205178
img_01505.jpg,2.55311e-05,7.48401e-07,1.72921e-06,7.04152e-06,0.999934,8.34062e-06,1.30245e-06,2.1613e-05
img_03837.jpg,0.704658,0.019595,0.00112171,0.022933,0.133751,0.0523392,0.00047615,0.0651264
img_01377.jpg,0.00288864,0.00064406,0.00118781,0.00362035,0.986261,0.00408384,0.000241762,0.00107284
img_05587.jpg,0.07477,0.012394,0.00231985,0.0136718,0.761559,0.0572544,0.00199728,0.0760336
img_02764.jpg,0.00180981,2.13062e-05,0.000222269,0.000210505,0.997268,6.68699e-05,0.00025065,0.000150547
img_00027.jpg,0.167398,0.00273746,0.00738933,0.0226289,0.722408,0.00875666,0.000966546,0.0677142
img_06673.jpg,0.262318,0.183338,0.00598945,0.00308116,0.237561,0.0842054,0.0089818,0.214525
img_03283.jpg,0.496384,0.000588833,0.00226415,0.0871649,0.000609987,0.0142083,0.00152502,0.397255
img_03223.jpg,0.797971,0.0785886,0.0182824,0.0487447,0.00528679,0.00156979,0.00149803,0.0480588
img_02384.jpg,0.0645339,0.000353733,0.00132587,0.00183369,0.90551,0.0058098,0.00095723,0.0196754
img_00374.jpg,0.552044,0.0079733,0.0441707,0.081314,0.0955517,0.0678932,0.000655369,0.150398
img_06986.jpg,0.256425,0.00169289,0.00137059,0.332014,0.100219,0.287922,0.00141846,0.0189376
img_07231.jpg,0.733432,0.0812025,0.00490637,0.0223445,0.0772226,0.0132282,0.00192325,0.0657403
img_02347.jpg,0.0110112,0.00229266,0.00185194,0.000196946,0.983594,0.000497949,0.000115927,0.000439729
img_03399.jpg,0.359684,0.0390208,0.00164679,0.000256171,0.194306,0.404451,0.000477275,0.000157422
img_04408.jpg,0.80302,0.0844005,0.000730595,0.0690784,0.039901,0.00182298,0.000183115,0.000863017
img_03869.jpg,0.416477,0.0021806,0.00121354,0.000686178,0.093022,0.471861,8.87025e-05,0.0144702
img_02307.jpg,0.0653826,0.003747,0.0161169,0.00679088,0.104674,0.0109076,0.00469699,0.787684
img_04835.jpg,0.0860791,0.0342772,0.000542225,0.00594305,0.779298,0.0883938,0.000445527,0.00502151
img_04712.jpg,0.00217627,0.000839087,0.0385848,0.000905309,0.926749,0.0119776,0.00199354,0.0167742
img_06892.jpg,0.086583,0.0262265,0.0219524,0.00558352,0.831208,0.0116711,0.00706497,0.0097101
img_00780.jpg,0.00530086,0.000240253,0.101703,0.0102198,0.119316,0.109621,0.185383,0.468217
img_04271.jpg,0.00028318,0.00011896,7.47332e-05,0.000503559,0.992573,0.00623572,0.000208796,1.80344e-06
img_01716.jpg,0.00131796,2.87579e-05,0.000239602,7.44619e-05,0.979026,0.000714536,6.96769e-05,0.0185285
img_03440.jpg,0.035527,0.000950129,0.337319,0.00193652,0.123542,0.111689,0.00112394,0.387912
img_05426.jpg,0.036421,0.00137203,0.00673175,0.888493,0.0370494,0.0255105,0.000658677,0.00376387
img_03952.jpg,0.00388041,0.000198223,0.00398627,0.000510486,0.990001,0.000602717,0.000364123,0.00045641
img_07508.jpg,0.134288,0.0058851,0.0487804,0.00493625,0.163731,0.0547071,0.0481583,0.539514
img_00914.jpg,0.000362229,0.000239022,0.0637404,0.000470864,0.0129828,0.00238672,0.00450253,0.915316
img_00642.jpg,0.0079553,0.000316204,0.00428951,0.983829,0.00118983,0.00176954,0.000426206,0.000224489
img_00442.jpg,0.0352212,0.0065666,0.268212,0.00462562,0.0514314,0.00614576,0.0122594,0.615538
img_05813.jpg,0.167481,0.000373875,0.00144401,0.158954,0.00238509,0.178223,0.00474226,0.486396
img_06311.jpg,0.773804,0.0607196,0.000235992,0.00138644,0.0119109,0.138657,4.99428e-05,0.0132367
img_02607.jpg,0.0230042,0.00690233,0.00154976,0.00409562,0.917972,0.0151846,0.000862914,0.0304285
img_00005.jpg,0.000817148,0.000248496,0.000104081,0.000111757,0.997971,0.000624175,5.59524e-05,6.74207e-05
img_01963.jpg,0.249649,0.00574315,0.000326375,0.000993265,0.129284,0.604509,0.000872224,0.0086228
img_06806.jpg,0.0397237,0.679628,0.00518694,0.198861,0.0585288,0.00117826,4.84891e-05,0.0168448
img_00612.jpg,0.509488,0.127343,0.00145721,0.000462558,0.286511,0.0553681,0.00349438,0.015876
img_06642.jpg,0.51498,0.0128223,0.00549666,0.0139142,0.356851,0.00140117,0.00160244,0.0929325
img_00487.jpg,0.000318192,1.0783e-05,0.00185476,0.00110991,0.989325,0.00683108,0.000122844,0.000427244
img_05095.jpg,0.982542,0.00177459,0.00072241,0.00085347,0.000244872,0.0103516,0.000233292,0.00327762
img_00858.jpg,0.564125,0.0063869,0.000804817,0.000763878,0.423385,0.00240554,0.0011222,0.00100628
img_07352.jpg,0.57339,0.0189264,0.00043198,0.00784976,0.365981,0.00505666,0.00152876,0.0268349
img_02648.jpg,0.0927597,0.000180967,0.490006,0.00612742,0.372816,0.000619102,0.00418296,0.033308
img_01142.jpg,0.00541323,0.000341703,0.00286696,0.000282355,0.979653,0.00175849,0.000239495,0.00944503
img_06475.jpg,0.114152,0.293036,0.0362675,0.0119332,0.249964,0.0126553,0.0834957,0.198497
img_00723.jpg,0.0204894,0.000682795,0.00102169,0.00304946,0.967098,0.00274411,0.00441427,0.00050044
img_01188.jpg,0.184502,0.386561,0.000340246,0.000279819,0.167052,0.25202,0.0077747,0.0014712
img_03928.jpg,0.0941328,0.00227677,0.01413,0.0183835,0.841072,0.0144148,0.0028276,0.0127625
img_03929.jpg,0.00367522,0.00349275,0.000523925,0.00222157,0.920481,0.0691438,0.000232215,0.000229789
img_07621.jpg,0.692381,0.00179505,0.00271713,0.0128983,0.207179,0.000706733,0.000995026,0.0813277
img_02299.jpg,0.61153,0.00159811,0.000132685,0.00652433,0.000347648,0.376671,0.000431393,0.00276486
img_05016.jpg,0.00654545,0.00273271,0.000576173,0.000299677,0.986698,0.00198753,0.000880266,0.000279801
img_01918.jpg,0.0644329,0.000481548,0.00388078,0.766365,0.00581247,0.111031,0.00213834,0.0458582
img_03471.jpg,0.161325,0.000553894,0.00329418,0.602997,0.0426252,0.133031,0.00135188,0.054822
img_06203.jpg,0.846815,4.53265e-05,0.000143418,3.94615e-05,0.107894,0.000180618,6.34276e-05,0.0448192
img_02799.jpg,0.924528,0.0429941,0.000303036,0.00192612,0.0291078,0.000806164,0.000265867,6.90115e-05
img_01211.jpg,0.694665,0.160226,0.000607977,0.00105678,0.139944,0.000143356,0.00036798,0.00298976
img_04476.jpg,0.789639,0.00239212,0.00221946,0.00218773,0.153786,0.00187216,0.000535555,0.0473677
img_02507.jpg,0.00030934,8.4374e-06,0.000233427,0.000404911,0.989322,0.00879084,0.000759664,0.000171535
img_03231.jpg,0.0532911,0.00127879,0.0139855,0.00683061,0.909242,0.00473529,0.00234928,0.00828776
img_05471.jpg,0.588021,0.0638757,0.00186621,0.00263322,0.304087,0.0130205,0.000419037,0.0260775
img_06798.jpg,0.767393,0.00720692,0.000240314,0.00160218,0.0535874,0.132025,0.000305275,0.0376396
img_04546.jpg,0.0031765,0.000523877,0.344685,0.00388955,0.146587,0.0172708,0.0557838,0.428083
img_05857.jpg,0.685268,0.0937987,0.000777307,0.0316122,0.0659238,0.120001,0.00224938,0.000370034
img_04024.jpg,0.0189517,0.00220631,0.0015572,0.00439418,0.960415,0.00302329,0.0061107,0.00334213
img_06037.jpg,0.498557,0.0955242,0.0177553,0.00133637,0.085348,0.131574,0.137328,0.0325769
img_03228.jpg,0.840877,0.0163517,0.000939841,0.0894989,0.00596064,0.0316315,0.000767811,0.0139726
img_05948.jpg,0.00106748,6.37388e-05,8.32865e-05,9.67186e-05,0.997112,0.00115222,0.000293839,0.000131031
img_05721.jpg,0.00027003,0.000478505,0.570132,0.0158581,0.19457,0.000662562,0.00351308,0.214515
img_03931.jpg,0.00415099,0.000335247,0.00250791,0.000310234,0.986726,0.00501362,0.000331868,0.000624227
img_02309.jpg,0.95309,0.00291172,0.000134885,0.000294553,0.041878,0.00148428,4.11993e-05,0.000165691
img_00446.jpg,0.911379,0.00157444,5.50798e-05,0.00187591,0.00162914,0.0779594,0.000214159,0.00531253
img_04991.jpg,0.514679,0.00241067,0.000593923,0.00480647,0.4099,0.0668541,0.000108373,0.000647118
img_00375.jpg,0.00280578,0.000482318,0.00208448,0.0019542,0.991405,0.00078465,0.000232962,0.000250543
img_06921.jpg,4.25899e-05,8.88786e-07,0.000228774,5.28501e-05,0.999511,4.14592e-05,3.01716e-05,9.25359e-05
img_05139.jpg,0.000220089,0.000700028,0.163471,0.422459,0.346052,0.0122407,0.00805502,0.0468009
img_06273.jpg,0.520384,0.0611394,0.00310013,0.012128,0.132387,0.264608,0.00123095,0.00502217
img_06732.jpg,0.506251,0.23064,0.0133925,0.000923523,0.0663019,0.114843,0.0214622,0.0461867
img_02146.jpg,0.000488939,1.80024e-05,7.13186e-05,1.551e-05,0.999279,8.13415e-05,2.91869e-05,1.64733e-05
img_04419.jpg,0.00922641,0.000225048,0.000710623,0.000229098,0.985798,0.00353574,0.000190869,8.39563e-05
img_03454.jpg,0.00989572,0.00041212,0.000395093,9.2831e-05,0.973279,0.00809892,0.000625198,0.00720084
img_07561.jpg,0.422891,0.0015863,0.000384123,0.00393833,0.00128507,0.560229,0.000641349,0.00904516
img_03677.jpg,0.528964,0.0206683,0.00118673,0.0248628,0.024938,0.355671,0.000535317,0.0431736
img_01444.jpg,0.0793026,0.00201824,0.00650925,0.0662283,0.816253,0.00989728,0.00113137,0.0186602
img_06003.jpg,0.879954,0.00431805,0.000907816,0.0151573,0.0249888,0.0709733,0.00215138,0.00154933
img_01976.jpg,0.19752,0.0290189,0.016699,0.00106184,0.176752,0.00168066,0.00086168,0.576406
img_07594.jpg,0.271394,0.00188512,0.00069208,0.000677905,0.345617,0.00584824,0.000925332,0.372961
img_00575.jpg,0.00054547,2.74993e-05,0.000180172,0.000641825,0.996492,0.00154035,0.000168543,0.000404411
img_06807.jpg,0.00469008,0.000156492,0.000660217,0.000244275,0.984428,0.00379851,0.00588197,0.00014066
img_06559.jpg,0.00126565,0.00179973,0.000425919,0.000305536,0.982542,0.00882147,0.00300604,0.00183419
img_06748.jpg,0.0825468,0.0168547,0.689215,0.00331359,0.0298737,0.00989288,0.0312726,0.137031
img_06373.jpg,0.00038015,0.00041994,0.764914,0.0240528,0.123217,0.000372563,0.012375,0.0742685
img_06541.jpg,0.00428445,0.000481037,0.000466215,0.00010331,0.993867,0.000419678,0.000240576,0.000137589
img_00152.jpg,0.0130299,0.000340476,0.0017647,0.001025,0.96558,0.00313437,0.0017168,0.0134084
img_02416.jpg,0.00760945,0.00707977,0.000374464,0.000200449,0.975746,0.00540774,0.0011749,0.00240731
img_06010.jpg,0.108493,0.00124995,0.00242773,0.0126441,0.86686,0.00409821,0.00053196,0.00369483
img_02209.jpg,0.0169706,0.00327044,0.000128561,6.30454e-05,0.965035,0.00257457,0.000685353,0.0112726
img_05718.jpg,0.0019461,0.00315579,0.000682381,0.00203246,0.894709,0.0966186,0.000417383,0.000438535
img_00837.jpg,0.784109,0.010973,0.00394218,0.0200404,0.0740726,0.0723847,0.000226728,0.0342509
img_03670.jpg,0.00362731,6.62086e-05,0.00309737,0.000696651,0.984846,0.0046189,0.000356682,0.0026905
img_06522.jpg,0.0478585,0.00120204,0.000674666,0.0103757,0.931648,0.00305039,0.000944611,0.00424666
img_03847.jpg,0.10471,0.0112984,0.000457605,0.00231861,0.850233,0.027483,0.000157189,0.00334288
img_01595.jpg,0.000430884,5.97739e-05,0.000492087,1.73628e-05,0.998275,0.000597471,7.38637e-05,5.40479e-05
img_05492.jpg,0.000732957,0.0149661,0.721131,0.00233563,0.25167,0.000424363,0.00197001,0.00677013
img_00398.jpg,0.576558,0.0024358,0.0121316,0.000527898,0.0902306,0.0121922,0.00588437,0.300039
img_05068.jpg,0.620665,0.0416681,0.00297836,0.0157819,0.0717939,0.0330504,0.0463717,0.16769
img_01022.jpg,0.340506,0.008157,0.0108897,0.1558,0.223019,0.0150108,0.00415578,0.242462
img_04603.jpg,0.00202862,7.63528e-05,0.000366497,0.000154854,0.993074,0.00281993,0.000772972,0.000706858
img_04657.jpg,0.0381652,0.00109115,0.00248081,0.00808316,0.940488,0.00862066,9.30723e-05,0.000977935
img_06238.jpg,0.615164,0.00699741,0.000830366,0.004484,0.348209,0.0234925,0.00048877,0.00033329
img_05378.jpg,0.000332386,0.000232652,0.00012267,4.83673e-05,0.998736,0.000393152,0.000113188,2.16361e-05
img_07191.jpg,0.000111116,6.02312e-06,0.00249672,0.00123026,0.319958,0.668714,8.06999e-05,0.00740339
img_07068.jpg,0.527925,0.108788,0.00174227,0.0043478,0.288006,0.0420502,0.00644519,0.0206957
img_03238.jpg,0.435378,0.0279334,0.0223487,0.0196133,0.238324,0.0221929,0.0133975,0.220812
img_00855.jpg,0.795699,0.00233842,0.000178893,0.00843898,3.41575e-05,0.000555774,6.91068e-05,0.192686
img_01802.jpg,0.00301646,0.000235203,0.00123686,0.000126629,0.9943,0.000662547,0.000185105,0.000237151
img_05479.jpg,0.448377,0.120226,0.00888501,0.0102912,0.0260563,0.34879,0.00503052,0.0323436
img_03370.jpg,0.0229098,8.3308e-05,0.000439853,0.00140068,0.970504,0.00337121,0.000385701,0.000905528
img_01431.jpg,0.00506799,0.000211523,0.000398011,0.99241,0.000267818,0.000910125,0.000217897,0.000516821
img_06318.jpg,0.0212685,0.105251,0.397124,0.00860001,0.169783,0.220341,0.0443627,0.0332707
img_04705.jpg,3.23171e-05,0.000203655,0.231336,0.000524822,0.76417,0.00248803,0.000493118,0.000751722
img_02082.jpg,0.00154354,0.000359317,0.000654209,0.000105346,0.992322,0.00231841,0.00199661,0.000700688
img_02789.jpg,0.0031065,0.000948544,0.00136573,0.000884581,0.988264,0.00335928,0.00188464,0.000186861
img_05835.jpg,0.0070755,0.00135532,0.0009474,0.000162517,0.989006,0.000434579,0.000216818,0.000802083
img_06067.jpg,0.000333731,0.000611876,0.772476,0.0031179,0.210896,0.00169339,0.00586677,0.005004
img_04405.jpg,0.668481,0.00866732,0.00255643,0.000954217,0.231602,0.015271,0.0012833,0.0711841
img_03270.jpg,0.0267814,0.0050453,0.0169666,0.00909087,0.865265,0.0109952,0.00283162,0.0630241
img_02379.jpg,0.0718918,0.0121966,0.0350992,0.00587179,0.83888,0.00546269,0.0243474,0.00624998
img_02522.jpg,0.628682,0.00986261,0.000508216,0.00899503,0.210035,0.129804,0.000700594,0.0114123
img_02916.jpg,0.0088915,0.000196529,0.001423,0.000842956,0.9743,0.00232368,0.000264996,0.0117569
img_05615.jpg,0.00838071,0.00156014,0.278603,0.00391525,0.510277,0.00100026,0.0031808,0.193082
img_02486.jpg,0.0478089,0.00498542,0.011591,0.00296857,0.892646,0.00216221,0.00232248,0.035516
img_01179.jpg,0.782878,0.0251765,0.000159267,0.000430578,0.137277,0.00221963,0.000474399,0.0513848
img_02811.jpg,0.0666829,0.00224146,0.0145755,0.0191356,0.838465,0.0343729,0.00135593,0.0231709
img_06849.jpg,0.355917,0.0356589,0.0205852,0.210512,0.263391,0.00211847,0.00153363,0.110284
img_06698.jpg,0.636021,0.00591431,0.00239739,0.00161691,0.347227,0.000641552,0.0005108,0.00567108
img_03520.jpg,0.0286497,0.00165405,0.0013774,0.000738505,0.961176,0.00107451,0.00193079,0.00339887
img_05440.jpg,0.616291,0.00744937,0.000316329,0.0108073,0.318718,0.0301404,0.0018801,0.0143979
img_06663.jpg,0.027691,0.000490855,0.000545251,0.914684,0.0199007,0.0346166,0.000284382,0.00178716
img_01495.jpg,0.42829,0.0388581,0.00656617,0.0901533,0.13609,0.0773344,0.00330156,0.219407
img_01995.jpg,0.0144217,0.0693739,0.000328752,0.00283946,0.843862,0.0683703,0.000187188,0.000616564
img_04115.jpg,0.729898,0.000243667,0.000301804,8.70572e-05,0.261546,0.000229308,0.000295122,0.00739882
img_05488.jpg,0.871479,0.0267087,0.00291898,0.0170147,0.0162601,0.0638641,0.000643858,0.00111058
img_06555.jpg,0.0146137,0.00175061,0.00178542,0.000285814,0.979864,0.000455369,0.000548365,0.000696932
img_05775.jpg,0.946118,0.00154074,2.93404e-05,0.0013931,0.00045648,0.0435888,0.000294915,0.00657848
img_05915.jpg,0.00106661,0.00454237,0.715548,0.00222953,0.131407,0.000970628,0.0364364,0.1078
img_06939.jpg,0.0454395,0.00220184,0.0200164,0.0818884,0.817588,0.0067724,0.00106568,0.0250272
img_03996.jpg,0.584402,0.0049429,0.000574663,0.0201955,0.170482,0.0928029,0.0024721,0.124128
img_00760.jpg,0.0123018,0.000246145,0.000124629,0.985669,0.000229295,6.71762e-05,5.42414e-05,0.00130716
img_00232.jpg,0.014748,0.142885,0.0156729,0.00258922,0.219756,0.00933073,0.590631,0.00438742
img_04959.jpg,0.00797709,0.00109323,0.00185537,0.000651087,0.985647,0.000601194,0.000281939,0.00189333
img_07467.jpg,0.871368,0.0314591,0.000176712,0.00145473,0.0952011,0.000128422,0.000151702,5.99939e-05
img_06859.jpg,0.0121317,0.000832987,0.000408321,0.0013199,0.968614,0.0161976,0.000246896,0.000248615
img_05284.jpg,0.710743,0.0335467,0.00116525,0.000265854,0.171908,0.0470109,0.00570687,0.029653
img_06038.jpg,0.044902,0.047927,0.301274,0.00557092,0.243593,0.188816,0.0427279,0.125189
img_03290.jpg,0.726648,0.00104575,0.00149445,0.000965297,0.238568,0.000466528,0.00121273,0.0296001
