image,ALB,BET,DOL,LAG,NoF,OTHER,SHARK,YFT
img_00876.jpg,7.23972e-13,1.62547e-23,1.32431e-14,2.33735e-16,9.0742e-23,1.1229e-15,0.96415,0.0358501
img_01059.jpg,1.43906e-13,0.0445414,1.89255e-12,6.77894e-12,4.39991e-07,4.3628e-11,0.955458,2.40066e-12
img_02834.jpg,6.89918e-10,0.0049118,1.45635e-05,4.88123e-09,5.25795e-08,3.71098e-12,0.995074,3.58623e-11
img_03941.jpg,2.7424e-11,3.14031e-08,1.39785e-12,1.26283e-09,3.6845e-09,1.14133e-11,1.0,3.41197e-12
img_05137.jpg,8.52373e-11,2.45026e-15,1.94723e-11,3.62621e-06,1.28343e-13,1.0983e-15,0.947981,0.0520154
img_05434.jpg,4.44361e-06,4.10349e-08,0.00120063,5.12958e-07,3.14801e-12,3.62772e-12,0.998794,6.01301e-10
img_01249.jpg,3.48943e-05,0.000453119,0.000489675,1.02112e-08,0.00199598,2.46938e-07,0.997026,8.33473e-10
img_01116.jpg,4.60466e-10,0.0025609,2.28068e-06,0.157897,5.67415e-09,9.15124e-13,0.83954,8.47682e-11
img_04130.jpg,6.63825e-16,7.76466e-17,1.22959e-09,1.00616e-17,1.26167e-25,1.77101e-16,1.0,1.56316e-16
img_06021.jpg,5.54323e-10,0.0435652,8.67218e-11,1.68333e-09,1.68393e-12,1.50961e-15,0.956435,3.999e-10
img_05657.jpg,3.11882e-09,0.00115184,0.000190317,1.06898e-08,4.01965e-08,9.45219e-12,0.998658,7.42821e-12
img_03627.jpg,3.67781e-11,0.00145682,4.89244e-15,1.65395e-08,1.54549e-09,1.50973e-12,0.998543,6.19539e-13
img_00765.jpg,1.84161e-17,2.41926e-21,5.51612e-05,5.69479e-06,4.15882e-10,6.74044e-14,0.999939,3.35525e-21
img_04127.jpg,2.64028e-13,5.87103e-10,4.04283e-14,4.79195e-07,8.06889e-05,3.4423e-17,0.999919,4.54981e-10
img_06368.jpg,1.76327e-08,5.47177e-05,1.32276e-06,9.33144e-11,2.23886e-12,1.35173e-07,0.999944,1.56732e-13
img_00469.jpg,2.48461e-07,4.7829e-06,1.31745e-05,1.03651e-05,5.60428e-05,1.42616e-10,0.999915,3.34768e-09
img_04453.jpg,2.12147e-13,1.20127e-17,2.6553e-10,5.66525e-08,2.7427e-14,4.17023e-08,1.0,6.94625e-10
img_03135.jpg,1.25452e-13,0.0868495,2.69541e-12,1.51055e-10,6.61317e-10,3.11255e-13,0.91315,2.22408e-14
img_07436.jpg,2.19934e-12,1.59402e-05,3.56923e-12,7.80475e-10,0.000717841,1.93148e-08,0.999266,5.07276e-09
img_07079.jpg,0.0315091,0.0752275,4.3299e-12,2.85911e-05,1.1676e-07,2.01633e-13,0.883585,0.00964999
img_01847.jpg,1.72192e-14,3.79506e-12,1.20134e-16,3.42535e-14,5.70178e-10,3.49122e-13,0.999999,5.93738e-07
img_05489.jpg,5.45192e-05,5.3884e-07,0.000125992,7.67113e-10,1.10314e-09,5.93215e-12,0.999819,9.8487e-13
img_05755.jpg,1.68879e-09,6.79662e-10,0.0938808,0.00133598,5.8709e-11,1.86121e-14,0.904783,5.46356e-13
img_04586.jpg,4.94717e-10,1.20474e-10,2.49043e-06,0.000148473,9.52305e-12,7.65562e-10,0.999849,4.37615e-12
img_00959.jpg,9.35034e-09,9.79463e-09,2.85375e-11,0.0953121,5.86336e-07,1.84602e-09,0.904687,4.46535e-10
img_01541.jpg,2.8902e-09,1.74524e-10,2.89296e-11,7.92277e-14,8.4548e-11,6.35664e-06,0.999994,1.07778e-17
img_06860.jpg,5.75201e-15,3.17584e-15,5.28246e-25,4.76912e-11,6.56955e-14,2.21373e-14,1.0,4.80646e-15
img_00648.jpg,2.5568e-05,6.50466e-06,7.54993e-14,3.22404e-05,0.000517892,3.03201e-12,0.999418,6.77519e-14
img_01618.jpg,3.79845e-13,1.71828e-13,5.09635e-12,2.71698e-16,1.29113e-17,3.47289e-14,1.0,3.44519e-17
img_05410.jpg,8.93939e-12,7.34476e-10,2.07544e-15,1.02163e-15,3.42758e-16,1.51512e-14,1.0,2.09591e-13
img_02656.jpg,2.59605e-09,0.0109535,1.37338e-07,0.0431185,4.53408e-11,1.87693e-10,0.945928,5.54618e-08
img_03726.jpg,1.78461e-11,3.8246e-10,8.89213e-08,7.86079e-12,4.66335e-12,1.36376e-15,1.0,8.34358e-15
img_02231.jpg,7.87184e-10,7.99279e-05,2.94731e-07,0.000198204,3.06454e-09,4.38381e-06,0.999717,1.45486e-12
img_05292.jpg,1.94651e-09,3.5843e-05,1.49685e-15,3.30952e-10,9.2055e-12,2.92091e-12,0.999964,4.75082e-14
img_02135.jpg,1.76387e-06,6.80879e-10,6.2395e-05,0.0813607,6.89783e-11,3.10153e-08,0.918575,1.47803e-10
img_05046.jpg,9.72693e-14,0.00567062,1.97209e-15,6.87333e-15,1.0536e-09,1.42136e-14,0.994329,1.35619e-14
img_01632.jpg,3.845e-12,0.017794,6.66574e-10,2.07283e-10,7.42591e-11,1.10597e-10,0.982206,7.31939e-08
img_02949.jpg,3.01999e-13,0.154944,1.28572e-17,1.06303e-13,3.25929e-12,1.66563e-10,0.845056,6.87683e-17
img_04872.jpg,2.02257e-13,1.89946e-08,1.3625e-10,4.90216e-09,1.61652e-11,8.86146e-12,1.0,2.94879e-14
img_04044.jpg,3.3208e-14,7.48962e-10,2.9968e-06,5.86768e-10,4.00106e-13,4.75134e-13,0.999997,5.03776e-15
img_03080.jpg,6.67e-12,3.97297e-09,3.62721e-13,2.71485e-11,1.30578e-08,2.03534e-12,1.0,1.15975e-12
img_05336.jpg,2.12697e-05,1.45822e-10,0.000192501,0.000145887,1.81288e-12,9.05527e-11,0.99964,4.3102e-11
img_04013.jpg,8.30642e-12,1.84728e-11,2.41176e-09,2.2476e-14,3.48817e-15,7.06507e-12,1.0,6.62034e-16
img_05958.jpg,2.2376e-09,9.3524e-06,3.58024e-08,3.41188e-06,4.40164e-11,7.02542e-15,0.999987,8.8897e-12
img_07044.jpg,4.68081e-09,0.0384145,4.25561e-10,2.41874e-09,3.02677e-11,1.20457e-14,0.961586,5.6691e-13
img_05463.jpg,6.43725e-13,1.60921e-05,7.46825e-25,1.05779e-10,3.94256e-11,3.87523e-14,0.916651,0.0833332
img_00302.jpg,1.00833e-08,6.86631e-09,3.26748e-11,6.15681e-11,6.12002e-07,1.11909e-09,0.999244,0.000755101
img_07678.jpg,2.66804e-12,6.00464e-08,2.59005e-11,1.00869e-09,4.56033e-09,6.45594e-10,1.0,6.30596e-11
img_03199.jpg,1.85339e-14,3.7404e-08,6.17389e-13,1.389e-12,4.80607e-08,4.22586e-13,1.0,1.7378e-11
img_03252.jpg,2.51676e-16,1.77101e-07,1.45389e-19,4.06422e-08,3.84687e-10,1.62767e-07,1.0,5.55147e-16
img_06637.jpg,2.10942e-05,0.0163154,4.0496e-12,4.85202e-07,2.92814e-07,3.80219e-15,0.983644,1.82204e-05
img_05673.jpg,2.1387e-10,2.90311e-08,1.69246e-08,1.55148e-07,1.37443e-11,2.41814e-07,1.0,3.97028e-13
img_00697.jpg,5.48676e-14,4.58784e-06,3.77749e-15,1.19346e-07,9.12715e-05,1.85367e-15,0.999904,6.66817e-13
img_04237.jpg,6.19674e-14,7.55699e-19,1.34106e-09,7.19131e-06,1.06936e-10,6.7268e-14,0.999993,4.65241e-11
img_02766.jpg,1.61956e-12,0.00805837,1.13107e-19,0.000179163,0.0367012,3.22512e-15,0.955061,2.90486e-15
img_02487.jpg,1.03409e-09,1.28561e-08,7.04722e-10,8.43805e-05,7.43741e-05,1.47654e-12,0.999841,4.09715e-11
img_03222.jpg,5.37938e-09,1.09039e-11,3.89002e-07,2.89537e-13,3.98945e-13,3.47937e-12,1.0,6.57602e-12
img_05156.jpg,9.68558e-08,0.00363934,6.66481e-07,0.00703394,7.58512e-08,6.41442e-10,0.989326,5.48127e-09
img_05916.jpg,7.93979e-09,4.71825e-08,3.03264e-09,2.58927e-08,1.80325e-05,9.50383e-12,0.999982,1.72412e-08
img_00417.jpg,1.90677e-10,2.45233e-14,2.27119e-14,3.03172e-14,1.97774e-16,2.59415e-18,1.0,7.57496e-18
img_02479.jpg,2.90525e-08,3.68493e-14,7.31867e-12,7.63798e-12,4.25693e-09,2.12214e-16,0.999973,2.73912e-05
img_00773.jpg,7.29971e-12,6.03782e-07,4.96613e-09,0.00101026,4.21364e-11,4.80801e-08,0.998989,2.22188e-14
img_05260.jpg,2.15273e-09,2.23573e-05,1.68269e-11,3.28921e-05,1.77305e-10,1.93648e-10,0.999945,2.83886e-15
img_07146.jpg,1.43133e-15,1.82076e-08,6.71267e-13,1.79209e-10,2.87216e-10,1.99753e-16,1.0,4.16077e-14
img_04479.jpg,1.09325e-15,4.24865e-06,5.72802e-16,0.0869542,5.4373e-11,6.53374e-12,0.913041,3.75566e-15
img_00244.jpg,5.78377e-11,1.55465e-08,0.00587609,0.0286167,1.84392e-13,9.86134e-10,0.965507,6.69701e-16
img_04478.jpg,3.31944e-09,9.31006e-11,0.00382303,0.041531,9.67415e-11,1.37147e-05,0.954632,2.56514e-13
img_00650.jpg,1.17166e-09,0.000626041,2.73252e-12,4.01921e-16,1.15399e-08,4.21847e-08,0.999374,4.74581e-13
img_04002.jpg,2.56939e-10,8.51925e-18,0.000208637,0.0517167,3.64826e-08,1.89706e-07,0.948074,4.85206e-14
img_05475.jpg,2.36504e-09,1.08878e-09,1.30158e-05,0.00159939,9.89527e-09,6.34755e-09,0.998388,4.58024e-12
img_03527.jpg,5.11856e-06,1.83151e-05,1.17357e-12,7.57317e-05,0.000226531,1.41011e-11,0.999674,5.91914e-13
img_02865.jpg,2.90978e-16,0.0,4.92066e-26,1.20809e-26,0.0,0.0,2.71565e-07,1.0
img_00551.jpg,2.4854e-15,7.38703e-10,5.91904e-07,2.85385e-11,7.87179e-15,1.01471e-14,0.999999,7.92602e-18
img_04128.jpg,2.24285e-10,2.30911e-15,1.08747e-09,0.0382267,2.28716e-09,6.89016e-10,0.961773,1.60464e-15
img_04240.jpg,1.88605e-11,6.93406e-08,1.12973e-06,3.64386e-13,4.61466e-10,3.48273e-11,0.961538,0.0384609
img_01134.jpg,9.47087e-14,1.46961e-09,1.96041e-05,1.93292e-11,1.86338e-15,5.70253e-15,0.99998,3.82836e-18
img_04757.jpg,7.56535e-11,6.83085e-09,9.76126e-13,1.34462e-19,3.38196e-20,8.34939e-07,0.919256,0.0807437
img_03254.jpg,1.63023e-10,3.29782e-12,1.24683e-14,1.20377e-20,2.53269e-15,2.48065e-12,1.0,6.27024e-16
img_01640.jpg,4.45038e-09,5.79244e-05,3.51745e-13,4.25185e-07,1.55613e-07,4.11599e-12,0.999942,5.09241e-11
img_04750.jpg,1.02786e-12,2.09067e-09,1.28219e-09,5.46451e-09,1.08377e-10,3.66629e-14,1.0,1.68088e-17
img_07147.jpg,3.37709e-12,0.000249241,1.39808e-12,2.30226e-10,6.35065e-09,2.47519e-11,0.999751,6.72023e-13
img_05963.jpg,2.0362e-13,3.50903e-10,7.38324e-12,1.24742e-12,4.26118e-16,3.17867e-13,1.0,8.52266e-15
img_07122.jpg,1.46588e-05,1.33885e-08,0.00367558,0.0749551,1.8898e-08,2.63828e-05,0.921328,3.12098e-12
img_00040.jpg,3.22533e-11,5.58963e-07,4.91125e-19,3.44058e-09,3.91745e-06,2.53e-10,0.999995,8.13747e-11
img_02857.jpg,6.22655e-11,3.30308e-09,2.25228e-06,1.27115e-05,1.36757e-15,2.6008e-09,0.999985,2.93767e-15
img_02842.jpg,3.6982e-14,3.21118e-17,1.08351e-16,3.14333e-21,1.07692e-18,3.23912e-12,1.0,2.35625e-15
img_03935.jpg,7.92323e-09,1.40642e-09,3.99146e-07,3.37467e-05,1.87967e-05,1.69141e-09,0.999947,1.53591e-13
img_03892.jpg,2.3317e-12,6.79424e-12,2.74984e-16,5.92053e-11,1.50907e-10,1.32586e-15,1.0,3.86251e-13
img_00667.jpg,9.09497e-16,0.0,1.15724e-20,3.00328e-24,0.0,0.0,0.000209165,0.999791
img_07094.jpg,7.57992e-15,1.23195e-07,0.000134059,0.000102698,0.0157133,7.22219e-12,0.98405,2.89149e-11
img_01782.jpg,2.12213e-10,6.6744e-08,2.67948e-07,7.46262e-06,0.000146797,9.47361e-13,0.999845,1.07669e-07
img_04830.jpg,1.72883e-13,1.26174e-09,0.00278107,2.19493e-06,5.49155e-08,1.59759e-07,0.997217,4.21696e-13
img_06525.jpg,6.6335e-07,9.54226e-07,1.3195e-07,2.25109e-09,9.42436e-11,3.52845e-09,0.999998,1.51143e-15
img_07051.jpg,2.26873e-13,2.42041e-13,3.27011e-06,8.21255e-06,1.2346e-09,4.4357e-11,0.999988,7.62428e-12
img_01781.jpg,1.12397e-06,3.19099e-06,3.98102e-06,3.27681e-07,1.20505e-11,8.37444e-10,0.999991,2.67949e-15
img_01392.jpg,9.16293e-10,0.00596933,5.10569e-15,1.11691e-09,4.91193e-06,1.33563e-17,0.993913,0.000112738
img_01538.jpg,2.97739e-12,6.44551e-10,1.28729e-10,0.125,2.36583e-13,2.03194e-11,0.875,1.24619e-11
img_02318.jpg,2.85799e-13,1.42632e-11,1.09656e-09,1.13044e-09,2.16213e-16,8.0847e-17,1.0,2.94472e-14
img_00129.jpg,4.88425e-15,5.2612e-08,3.60254e-19,6.26204e-12,7.70475e-09,8.18205e-14,0.94148,0.0585198
img_05967.jpg,1.18055e-08,2.05322e-09,0.000415198,0.00176509,2.06874e-08,3.72547e-09,0.99782,1.12565e-11
img_06059.jpg,1.86771e-09,1.025e-08,5.18115e-11,1.47577e-06,1.72171e-07,1.34158e-10,0.999998,2.12128e-11
img_03805.jpg,3.70404e-07,5.13355e-06,4.63427e-08,0.0664459,2.38468e-09,6.81683e-12,0.933549,2.38539e-08
img_03871.jpg,2.37768e-09,1.69799e-07,5.58669e-08,7.93678e-10,4.56207e-13,6.46992e-11,1.0,1.89659e-14
img_00282.jpg,1.13476e-08,1.51161e-07,4.22773e-08,6.0053e-08,3.65892e-11,4.14972e-15,1.0,1.36732e-15
img_05241.jpg,5.51984e-05,3.84785e-09,3.34675e-06,2.97874e-07,2.50913e-12,7.02995e-13,0.999941,4.57271e-13
img_04257.jpg,3.94343e-12,3.22005e-06,3.20612e-12,2.73853e-10,6.14526e-12,1.71312e-11,0.999997,3.38081e-12
img_03229.jpg,2.95652e-16,5.02487e-07,6.14584e-18,2.50238e-11,3.43591e-08,3.2432e-14,0.981394,0.0186055
img_02726.jpg,2.16425e-10,2.28804e-07,1.46635e-06,0.0290873,3.8072e-10,1.13547e-10,0.970911,2.68025e-14
img_06902.jpg,1.17292e-15,2.68478e-07,1.26024e-10,6.4082e-10,1.07163e-13,3.99678e-11,1.0,4.5705e-17
img_07757.jpg,9.41861e-13,1.73198e-07,1.21272e-18,1.84073e-11,2.27812e-13,1.56619e-15,1.0,1.11608e-13
img_04015.jpg,3.34593e-11,2.62831e-05,1.06634e-05,3.03076e-05,1.29468e-09,1.44987e-09,0.999928,4.44627e-06
img_07160.jpg,1.06746e-12,1.7389e-12,2.58677e-08,0.00177167,2.39161e-13,2.58722e-10,0.998228,1.58548e-08
img_02216.jpg,7.91042e-08,0.0227283,2.69223e-07,5.36009e-09,8.58169e-09,6.81035e-07,0.977271,2.25974e-09
img_04263.jpg,6.52591e-10,1.2973e-07,6.73066e-09,0.192828,4.58107e-07,3.36763e-10,0.807171,7.13152e-10
img_07419.jpg,6.11889e-08,6.88613e-05,4.30582e-10,6.57449e-08,0.000505303,5.69751e-14,0.999426,2.73939e-09
img_00538.jpg,3.68268e-11,6.54172e-09,3.55005e-12,7.81982e-11,4.36801e-11,1.45736e-17,1.0,1.26237e-12
img_00138.jpg,1.76768e-06,1.45639e-05,1.8452e-05,2.47576e-09,1.57797e-10,8.55966e-11,0.999965,7.04498e-10
img_04323.jpg,1.17291e-09,3.34103e-07,2.74034e-08,6.65963e-06,2.71842e-05,3.45113e-12,0.999966,5.90375e-13
img_05322.jpg,2.51267e-11,1.89862e-08,8.11949e-10,3.9035e-15,6.34088e-13,1.73887e-14,1.0,4.91151e-11
img_01373.jpg,6.31993e-14,2.40819e-07,1.43821e-11,0.00110486,8.35375e-14,3.60715e-09,0.998895,7.53762e-13
img_00311.jpg,4.01607e-09,4.37144e-08,1.35509e-10,3.27043e-08,1.35416e-06,9.87487e-13,0.999999,2.68065e-14
img_05236.jpg,1.02852e-14,1.72583e-10,1.74918e-12,7.0736e-10,2.13184e-12,3.51986e-11,1.0,1.07877e-14
img_07553.jpg,0.000419298,1.26234e-12,1.05203e-05,0.00719706,4.67849e-10,1.46813e-11,0.992373,4.60188e-10
img_04507.jpg,4.32645e-17,7.6567e-07,2.30225e-12,1.52057e-06,0.0208583,1.70851e-13,0.979139,4.57162e-15
img_04003.jpg,5.0088e-10,1.29478e-07,1.08333e-06,5.74495e-09,3.55896e-11,4.13255e-11,0.999999,1.93467e-11
img_00289.jpg,1.0779e-10,2.01831e-13,1.36319e-06,2.27574e-13,1.14926e-17,5.9154e-12,0.999999,3.67808e-15
img_01874.jpg,7.78486e-16,2.40423e-11,1.66308e-11,1.08666e-17,8.52361e-17,1.15691e-14,1.0,8.43581e-19
img_06144.jpg,7.24764e-09,1.43106e-06,1.31043e-07,5.09009e-07,3.64644e-13,2.52025e-12,0.999998,2.84011e-12
img_01325.jpg,5.52787e-24,2.17825e-24,1.09622e-20,1.61961e-21,4.6297e-21,9.84524e-14,1.0,1.02311e-23
img_01860.jpg,9.35213e-10,0.000597396,1.22772e-10,6.39573e-12,7.97028e-10,7.7392e-09,0.999403,1.34123e-09
img_04268.jpg,8.61893e-11,6.24912e-13,5.16519e-17,5.80249e-15,1.67663e-21,6.13953e-11,1.0,1.77469e-09
img_01198.jpg,5.02802e-12,0.0147761,0.0296005,0.0108224,5.96164e-05,5.59593e-12,0.944741,2.57529e-11
img_01399.jpg,6.3554e-10,0.055193,1.33175e-07,0.0543054,0.00027412,3.66798e-10,0.890227,7.11244e-07
img_04427.jpg,4.31467e-09,0.0308265,9.79422e-15,7.50793e-08,0.00160391,5.1601e-10,0.967569,1.01667e-10
img_00927.jpg,2.1945e-06,8.31841e-06,8.59715e-14,1.77102e-08,5.62098e-09,5.64714e-11,0.999989,1.30981e-15
img_03718.jpg,2.68854e-12,1.6081e-09,1.96076e-07,1.33967e-10,2.82689e-15,5.17745e-13,1.0,2.95053e-16
img_04726.jpg,4.60332e-10,0.000107262,5.34703e-11,1.95136e-06,4.19039e-11,6.96826e-09,0.999891,4.72002e-16
img_05838.jpg,5.06321e-10,3.66419e-10,0.0446244,0.000372198,5.15345e-09,1.94918e-11,0.858635,0.0963683
img_00102.jpg,8.16244e-18,1.57975e-12,1.18703e-17,1.06372e-17,4.4886e-10,6.35926e-14,0.93409,0.0659103
img_06851.jpg,2.16854e-11,1.72625e-06,2.2953e-15,2.17602e-10,2.18743e-06,5.89706e-10,0.999996,7.17266e-09
img_00889.jpg,6.78191e-13,0.0366113,7.5399e-10,1.3154e-09,1.72348e-13,2.83093e-15,0.963389,2.38334e-09
img_05584.jpg,6.67108e-07,4.27894e-09,1.96063e-09,4.02571e-05,7.21748e-08,1.61525e-09,0.999928,3.0888e-05
img_04629.jpg,1.77387e-12,0.0425339,2.95713e-05,7.57672e-05,2.29186e-07,1.60323e-14,0.957361,4.53051e-10
img_05682.jpg,6.94459e-23,5.60123e-06,9.73547e-21,6.18783e-15,1.32821e-10,1.79156e-14,0.999994,1.40418e-15
img_01537.jpg,0.000260307,1.47963e-08,2.45933e-07,0.00676644,5.58498e-06,3.33044e-12,0.992967,2.12498e-11
img_07460.jpg,5.19258e-11,0.000194676,4.39762e-10,4.81818e-06,1.95894e-13,1.28001e-12,0.999801,1.18112e-10
img_02943.jpg,3.12567e-10,1.81006e-12,0.142746,2.60914e-05,3.97435e-11,1.70465e-12,0.857228,7.20357e-14
img_01647.jpg,2.81525e-08,4.85175e-05,1.80284e-10,3.8927e-09,6.51175e-07,1.48249e-09,0.999951,8.32268e-10
img_03853.jpg,7.00872e-09,3.86773e-06,6.51771e-05,0.0887359,0.00145572,1.34282e-10,0.909739,2.54007e-12
img_02398.jpg,1.18249e-10,2.86968e-11,9.26168e-06,3.5226e-06,5.24311e-11,3.24147e-10,0.999987,2.33415e-15
img_07045.jpg,2.01082e-08,0.00102075,7.52945e-08,5.48304e-06,2.77392e-08,1.37351e-11,0.998974,8.95264e-10
img_04949.jpg,2.34651e-10,3.64471e-14,9.18946e-08,8.89617e-05,4.98021e-08,1.45534e-13,0.999898,1.33452e-05
img_05059.jpg,5.31106e-10,1.01271e-14,5.54695e-07,1.44107e-08,4.47211e-13,7.03988e-10,0.999999,2.75927e-20
img_06137.jpg,4.38242e-10,1.43661e-05,5.25925e-11,1.32556e-09,4.59943e-12,4.17713e-14,0.999986,8.24095e-13
img_05558.jpg,6.1285e-16,5.55866e-09,1.4916e-10,1.66524e-14,1.88663e-12,2.54038e-13,1.0,7.9171e-17
img_00598.jpg,4.9081e-16,7.63123e-14,7.71953e-09,4.324e-14,1.56395e-15,3.91636e-17,1.0,1.67964e-12
img_07538.jpg,2.65403e-11,1.35006e-14,1.80652e-11,1.75827e-15,1.34543e-14,1.12031e-13,0.997294,0.00270572
img_03867.jpg,3.40905e-11,9.95869e-14,6.52642e-07,0.000618236,1.94878e-10,4.75981e-12,0.999381,1.50432e-11
img_03260.jpg,2.2557e-10,0.0130079,0.0333316,7.04394e-10,3.89318e-11,1.25138e-14,0.953661,2.73811e-11
img_05953.jpg,4.94934e-10,3.16802e-08,1.4314e-06,1.46239e-07,2.69473e-05,2.50156e-09,0.999971,3.28222e-11
img_00164.jpg,6.29201e-14,0.00139745,2.24302e-09,7.01378e-08,9.53601e-07,2.23328e-12,0.998602,1.51696e-13
img_05882.jpg,8.30802e-16,7.37581e-17,2.15108e-16,9.62063e-17,8.61763e-26,4.73263e-17,1.0,1.38128e-21
img_00432.jpg,1.48413e-10,2.76145e-06,2.11526e-07,5.61449e-07,8.9374e-08,1.1191e-09,0.999996,8.01921e-12
img_01552.jpg,5.09524e-22,5.91503e-12,3.62662e-28,1.31369e-07,7.54704e-09,4.84876e-18,1.0,2.11791e-19
img_02956.jpg,2.3697e-10,0.0386411,3.16373e-07,0.0180544,9.33888e-11,1.42082e-13,0.943303,6.94697e-07
img_01379.jpg,4.20265e-07,2.35968e-07,0.0303105,2.2161e-06,1.07878e-07,5.2361e-11,0.969687,3.63655e-15
img_03426.jpg,2.48364e-09,8.01614e-09,5.6548e-08,7.52164e-06,8.44807e-11,1.70299e-12,0.999992,1.60102e-14
img_00718.jpg,2.32341e-10,9.19463e-11,3.13933e-06,1.49245e-10,1.29642e-13,7.67286e-13,0.999997,1.663e-16
img_01593.jpg,3.81108e-09,6.72156e-10,0.0833051,1.23171e-10,2.53844e-10,4.25629e-13,0.916695,1.65605e-13
img_05864.jpg,2.38992e-11,1.30946e-11,4.0812e-07,0.0344829,2.15873e-10,3.36082e-09,0.965517,1.73703e-13
img_04341.jpg,1.16619e-09,5.48307e-10,3.92887e-05,0.0170136,0.000187657,1.21601e-11,0.982759,7.28541e-16
img_04261.jpg,1.0652e-12,4.14899e-08,1.06549e-09,6.0107e-08,1.5066e-11,2.15404e-11,1.0,1.12598e-14
img_05393.jpg,1.08232e-11,7.35944e-13,0.000191427,0.0201954,2.25052e-11,4.22073e-13,0.979613,2.81351e-07
img_05433.jpg,7.28192e-09,1.14999e-12,2.32616e-11,6.86826e-18,2.78988e-17,4.49722e-11,0.952419,0.0475808
img_06870.jpg,2.18107e-10,2.24143e-09,2.59433e-07,1.03837e-08,1.42264e-08,5.60866e-09,1.0,5.63897e-14
img_00950.jpg,2.48482e-10,0.0283487,3.84888e-19,3.83927e-10,6.66478e-16,5.51686e-12,0.971651,4.91042e-17
img_02749.jpg,4.26041e-11,1.64747e-10,2.82321e-06,8.87804e-09,1.3738e-10,2.52222e-13,0.999997,2.50904e-14
img_00407.jpg,2.21276e-10,1.97782e-10,1.25942e-06,3.40566e-10,1.40137e-11,1.43949e-12,0.999999,1.30908e-13
img_02837.jpg,8.51176e-13,4.944e-12,2.52915e-10,1.83389e-12,1.45701e-16,2.67645e-17,1.0,4.42485e-14
img_05976.jpg,1.25403e-08,2.76626e-06,1.39247e-11,1.01163e-09,3.40794e-09,2.31202e-09,0.999997,2.801e-11
img_00550.jpg,3.82965e-12,0.00108278,2.81113e-09,4.99037e-14,1.16837e-12,7.53758e-10,0.998917,1.22678e-15
img_01328.jpg,3.31993e-09,7.43729e-10,3.09942e-06,3.1392e-10,2.06612e-11,6.03842e-09,0.999997,1.17323e-12
img_03809.jpg,1.0654e-07,6.66426e-11,2.78915e-06,0.0651261,1.41709e-10,7.03197e-08,0.934871,7.11077e-12
img_04221.jpg,2.68896e-06,6.4956e-09,3.94801e-05,9.26708e-05,2.76739e-08,2.87563e-10,0.999864,8.67425e-07
img_03355.jpg,1.29759e-11,0.074838,7.75655e-12,2.8382e-07,0.000903759,2.44517e-11,0.924258,5.59099e-08
img_02074.jpg,2.86121e-11,6.68299e-13,8.09363e-10,2.58542e-13,7.99139e-12,2.39631e-12,1.0,4.73462e-13
img_05754.jpg,1.12422e-12,1.30961e-05,1.6784e-19,1.9036e-13,1.56829e-10,4.26868e-12,0.999987,8.9196e-14
img_01681.jpg,0.00149861,1.06068e-06,3.21341e-08,0.00697792,4.1701e-07,1.38068e-06,0.991521,1.21189e-11
img_07050.jpg,1.2098e-10,5.04996e-11,5.3631e-08,0.00937645,1.67302e-13,4.05849e-10,0.990623,2.11429e-13
img_06549.jpg,1.95017e-05,6.41307e-08,1.05621e-07,0.0528259,9.23701e-07,0.000324846,0.946829,6.99986e-09
img_00009.jpg,1.54874e-08,1.47855e-07,6.38048e-07,5.4479e-07,7.47207e-08,2.32536e-10,0.999999,6.83057e-10
img_06756.jpg,7.19758e-09,1.02856e-12,7.12104e-09,3.1223e-10,2.37776e-17,1.06795e-16,1.0,6.2967e-16
img_06189.jpg,0.0105817,2.2666e-10,1.72512e-05,0.0278582,1.32932e-06,7.17852e-10,0.961542,1.99695e-10
img_07448.jpg,7.58248e-10,2.4834e-06,3.52884e-07,1.34352e-10,8.64978e-07,7.19354e-11,0.999996,4.86128e-12
img_03924.jpg,5.56424e-18,3.66877e-08,8.42734e-06,0.0164538,2.41491e-11,8.58885e-19,0.983532,5.57851e-06
img_07375.jpg,2.57739e-12,3.8217e-13,4.87996e-17,5.51693e-18,1.73751e-18,7.66713e-11,1.0,9.77284e-19
img_04118.jpg,2.84488e-10,3.08564e-10,4.25539e-07,0.0357227,2.12277e-12,1.75324e-12,0.964277,1.10254e-14
img_06211.jpg,4.75826e-10,2.68094e-10,2.58908e-07,0.0238245,5.45945e-12,6.40388e-08,0.921222,0.0549532
img_00716.jpg,8.99995e-14,0.0761509,2.14587e-06,1.46036e-07,5.33202e-06,7.01188e-12,0.923841,1.32611e-11
img_05264.jpg,2.54749e-10,7.26542e-07,1.9772e-13,0.00592538,1.83812e-09,5.19489e-14,0.994074,2.16829e-10
img_03547.jpg,1.4798e-10,2.84987e-11,8.16696e-10,1.88272e-08,1.94136e-13,2.35092e-12,1.0,2.26408e-13
img_05147.jpg,9.45047e-09,6.49025e-08,2.11943e-07,0.0675803,4.16679e-09,7.75795e-08,0.932419,2.84533e-11
img_05438.jpg,2.24776e-08,3.83903e-07,9.50178e-07,0.0624834,1.66078e-08,3.50892e-09,0.937515,3.59374e-11
img_02954.jpg,1.3262e-08,1.36283e-06,1.01786e-09,1.13596e-10,2.31624e-11,9.5581e-13,0.999999,9.32389e-13
img_04310.jpg,3.30266e-09,6.72922e-08,0.00122213,7.87583e-09,1.10248e-10,5.09304e-10,0.998778,2.58912e-11
img_01825.jpg,4.94901e-18,3.25529e-06,3.68976e-12,7.20532e-11,2.30394e-20,1.39269e-15,0.999997,1.0911e-15
img_01616.jpg,2.56849e-13,5.57857e-08,5.13436e-12,1.59509e-09,1.49888e-13,7.03084e-09,1.0,2.22552e-15
img_00664.jpg,8.59991e-08,9.12184e-11,1.25666e-15,6.80884e-08,5.1832e-08,3.67045e-11,1.0,7.5263e-14
img_03967.jpg,1.95477e-08,2.99718e-09,1.96842e-07,0.0557366,1.00311e-07,1.52638e-11,0.944263,1.42515e-09
img_02124.jpg,9.35876e-14,1.99623e-16,4.03889e-16,8.78511e-20,3.353e-23,6.85508e-13,1.0,3.45169e-16
img_03584.jpg,0.0554547,7.46668e-17,1.64015e-12,0.0739191,1.49686e-09,1.08837e-20,0.870626,1.33356e-10
img_00180.jpg,2.9729e-14,3.62024e-10,5.04741e-12,4.96369e-11,1.42971e-11,1.15061e-18,1.0,2.89703e-17
img_03140.jpg,5.38842e-06,4.83161e-08,0.000467443,0.0346698,6.94678e-07,8.06843e-08,0.964857,6.47317e-09
img_06616.jpg,1.37143e-08,1.10431e-09,3.55057e-11,1.08757e-13,1.54655e-09,8.13035e-09,1.0,8.71478e-13
img_06975.jpg,1.02807e-10,0.0496718,4.69893e-13,2.57324e-08,0.000968601,8.88467e-11,0.949264,9.52911e-05
img_06947.jpg,2.42568e-08,0.000242522,2.44254e-05,0.00254132,0.0180205,7.47366e-07,0.979171,3.96256e-10
img_06734.jpg,1.93926e-08,4.98828e-10,0.000119621,0.00376675,8.32764e-12,1.08916e-09,0.996114,1.53396e-14
img_04723.jpg,1.83506e-14,9.13369e-09,5.64394e-18,0.000119647,2.56283e-07,1.23079e-17,0.99988,1.03174e-11
img_00272.jpg,1.5976e-07,1.9382e-05,0.0456475,0.0223103,3.00574e-12,7.84858e-07,0.932022,1.31009e-15
img_06614.jpg,1.69014e-10,1.21633e-05,1.33198e-08,1.19596e-06,4.98749e-09,3.37025e-10,0.999987,3.74475e-11
img_01562.jpg,1.5858e-09,0.0147695,1.12715e-17,2.33025e-06,0.0457099,1.58021e-09,0.939518,5.03544e-09
img_04138.jpg,1.96629e-08,8.46533e-09,0.00190508,2.83437e-06,4.98779e-06,4.37906e-10,0.998087,7.59801e-12
img_00584.jpg,7.68931e-14,1.49925e-09,1.59089e-11,1.95801e-08,5.49181e-11,5.68192e-16,0.92,0.08
img_03825.jpg,1.24397e-11,8.93233e-10,1.79242e-06,9.91153e-11,8.58443e-15,9.07878e-10,0.999998,2.22904e-15
img_02372.jpg,4.59355e-11,1.81186e-07,1.28771e-07,3.77452e-08,0.000367393,1.63925e-09,0.999632,2.559e-14
img_00816.jpg,1.83679e-09,6.028e-05,4.96603e-07,3.74693e-09,9.01088e-06,4.25132e-10,0.99993,1.18973e-11
img_07270.jpg,1.20245e-11,7.92737e-13,9.44758e-20,5.43487e-15,9.07224e-16,2.4123e-14,1.0,8.95186e-19
img_06349.jpg,2.63082e-13,7.3194e-27,7.96302e-14,6.41043e-15,1.5567e-20,1.61051e-20,0.842129,0.157871
img_05743.jpg,1.38494e-11,1.39005e-12,4.1523e-09,9.76214e-13,1.68735e-16,5.53052e-16,1.0,7.37099e-16
img_00591.jpg,1.21485e-08,0.00239119,3.117e-11,1.28012e-09,2.38989e-06,6.58314e-13,0.997606,2.13707e-13
img_01688.jpg,1.69896e-18,1.13745e-06,1.2007e-16,7.4078e-15,1.62809e-09,4.67652e-05,0.999952,3.26042e-15
img_04671.jpg,1.28602e-11,3.15259e-08,1.80656e-13,7.61816e-16,1.44763e-16,9.11778e-07,0.999999,8.20046e-12
img_00654.jpg,5.44805e-18,3.90506e-08,7.80723e-05,1.90298e-08,2.86011e-12,4.30473e-10,0.999922,1.32968e-14
img_01511.jpg,0.000372966,0.0011698,0.0450585,0.00326328,5.94898e-09,9.52374e-10,0.950135,6.49463e-10
img_02679.jpg,2.0165e-09,1.2671e-09,1.86394e-06,8.7447e-06,1.73594e-14,2.55265e-13,0.999989,7.87437e-14
img_02406.jpg,1.17485e-16,7.97913e-12,1.09416e-11,2.22624e-08,6.78521e-12,5.77244e-16,1.0,1.97025e-16
img_07578.jpg,2.52944e-05,0.000763664,4.46975e-07,0.0212109,1.07983e-09,6.5896e-13,0.978,1.39556e-12
img_06832.jpg,5.50861e-09,0.011556,0.0139154,1.40929e-05,1.83676e-09,1.97236e-13,0.974515,3.99287e-11
img_00724.jpg,0.000331115,3.13441e-08,5.93832e-06,0.0779944,0.000201455,2.23408e-12,0.921467,1.22059e-11
img_07746.jpg,3.16819e-14,5.85227e-06,5.55229e-16,2.97278e-15,2.14702e-08,7.20335e-08,0.999994,1.02134e-11
img_05568.jpg,1.24783e-14,1.0208e-12,1.31867e-19,2.0744e-07,2.48941e-12,1.08964e-26,1.0,1.39423e-15
img_06237.jpg,1.12579e-09,0.000196345,6.06399e-06,1.9244e-06,1.11145e-06,2.4726e-07,0.999794,4.50433e-08
img_01571.jpg,3.56401e-10,6.48006e-06,1.06256e-06,1.54633e-05,0.000162807,3.93204e-12,0.999789,2.56922e-05
img_06899.jpg,2.15326e-08,8.75238e-06,6.31784e-07,0.000629752,0.000270254,3.11855e-08,0.999091,1.91809e-12
img_07103.jpg,2.50218e-06,2.2556e-07,1.90955e-08,0.00184501,1.43979e-05,7.47911e-14,0.998138,4.6686e-13
img_01505.jpg,1.62915e-14,0.0,1.301e-23,3.30288e-29,1.55635e-38,0.0,0.999844,0.00015626
img_03837.jpg,8.47746e-11,1.2025e-09,6.28402e-10,0.0342217,1.88154e-08,5.031e-15,0.965778,9.11792e-15
img_01377.jpg,4.8282e-11,5.3278e-08,2.64612e-08,0.0909091,2.15433e-11,1.24889e-13,0.909091,3.25933e-10
img_05587.jpg,3.34566e-10,2.32048e-05,2.91647e-09,2.436e-07,8.21055e-08,2.51922e-09,0.999977,1.89053e-11
img_02764.jpg,2.81535e-25,3.03848e-28,8.03035e-17,5.29661e-25,2.83759e-33,1.05819e-28,1.0,3.93952e-23
img_00027.jpg,3.19874e-09,1.06715e-07,4.83009e-15,2.09885e-12,4.77635e-13,6.86782e-13,1.0,8.77076e-11
img_06673.jpg,2.09277e-11,2.81365e-10,4.59724e-11,1.6048e-08,9.77368e-10,1.83771e-10,1.0,2.9193e-11
img_03283.jpg,2.43706e-06,0.000860456,0.0310202,0.00973885,8.83353e-07,2.92739e-12,0.958377,2.18034e-08
img_03223.jpg,1.91542e-14,1.81107e-09,3.27712e-11,7.00418e-11,3.8326e-13,4.12824e-16,1.0,1.04597e-14
img_02384.jpg,3.23745e-05,6.8348e-07,3.68519e-09,2.27898e-08,1.29981e-10,2.4638e-10,0.999967,6.53129e-13
img_00374.jpg,2.28928e-05,9.2222e-07,0.0685786,1.35011e-07,3.06802e-10,4.2877e-08,0.931397,2.75562e-11
img_06986.jpg,8.1378e-10,5.91873e-09,9.34556e-09,2.31963e-12,8.28958e-09,1.32449e-10,1.0,1.23103e-08
img_07231.jpg,3.43785e-10,2.50118e-10,2.46325e-05,1.89121e-08,1.5768e-14,2.20787e-08,0.999975,1.2159e-12
img_02347.jpg,4.23732e-09,4.13482e-07,1.0737e-10,1.66705e-07,1.17024e-06,9.83764e-11,0.999998,1.12926e-12
img_03399.jpg,1.08357e-06,3.28625e-09,0.000203716,2.64691e-07,7.61578e-08,1.10049e-08,0.999795,1.05443e-10
img_04408.jpg,1.62146e-10,2.72695e-08,9.94831e-08,2.63161e-07,5.03741e-13,2.37246e-10,1.0,2.84956e-15
img_03869.jpg,8.27413e-12,5.04791e-11,8.22494e-14,0.0526321,2.21521e-11,2.46487e-14,0.947368,8.58731e-12
img_02307.jpg,2.91407e-12,0.00295108,2.2643e-07,6.31494e-10,0.000130479,3.15018e-10,0.996918,5.32121e-13
img_04835.jpg,4.01937e-23,6.58591e-21,3.02738e-15,6.74127e-20,3.4029e-20,4.95565e-20,1.0,2.86357e-13
img_04712.jpg,1.61198e-10,0.110976,3.62593e-08,0.129796,3.50472e-05,1.64534e-13,0.722339,0.0368539
img_06892.jpg,1.1298e-11,1.65866e-06,1.18863e-09,3.72638e-10,7.26567e-11,5.95601e-14,0.999998,4.91397e-13
img_00780.jpg,2.20846e-15,1.02091e-08,8.3766e-16,5.48445e-13,1.83039e-11,5.64285e-15,1.0,4.27392e-12
img_04271.jpg,3.31407e-11,1.00864e-13,1.95464e-07,0.000543651,3.36382e-10,1.78607e-08,0.999456,2.45503e-16
img_01716.jpg,2.15835e-09,0.000131469,7.43019e-11,3.41458e-08,9.21892e-10,3.94146e-08,0.999868,8.4669e-13
img_03440.jpg,1.01533e-11,2.07888e-06,1.73102e-11,3.71466e-08,1.23814e-07,7.00263e-12,0.999998,8.28267e-09
img_05426.jpg,5.20052e-10,1.03686e-08,0.0284333,3.24664e-07,1.10551e-06,2.29587e-07,0.971565,1.91788e-11
img_03952.jpg,2.41911e-08,6.72536e-08,0.00125526,4.50769e-06,1.97156e-10,4.12343e-08,0.99874,2.01002e-11
img_07508.jpg,9.93934e-08,4.39749e-09,9.97704e-07,0.000455083,3.01944e-05,3.6117e-10,0.999514,4.88738e-13
img_00914.jpg,1.96023e-10,1.12652e-09,6.90744e-14,2.94851e-06,0.000123497,3.94131e-12,0.999874,5.0846e-09
img_00642.jpg,1.31317e-11,6.81868e-10,2.45614e-13,1.55588e-13,2.409e-12,1.82103e-12,1.0,4.00196e-13
img_00442.jpg,5.33163e-08,0.0038538,6.09959e-07,1.34553e-11,1.00922e-13,7.68615e-14,0.996146,9.40388e-12
img_05813.jpg,3.30745e-06,6.64168e-05,1.3463e-06,1.26848e-07,6.62023e-07,2.3358e-11,0.999928,8.76381e-08
img_06311.jpg,9.21297e-11,9.83145e-06,9.01466e-08,1.30601e-10,7.80432e-11,2.67956e-07,0.99999,1.56702e-13
img_02607.jpg,5.27132e-09,4.3511e-07,1.17345e-05,0.00479726,6.37008e-10,3.49754e-09,0.995191,1.39536e-12
img_00005.jpg,2.41686e-06,1.00674e-07,1.28504e-10,6.1627e-08,8.35493e-08,1.67209e-09,0.999997,2.44037e-14
img_01963.jpg,7.12262e-15,2.49315e-10,3.58352e-17,6.84026e-08,2.98576e-09,3.1669e-15,1.0,1.0235e-13
img_06806.jpg,2.42438e-11,0.0747755,4.91441e-15,3.75558e-07,3.89231e-11,2.67184e-10,0.925224,1.781e-13
img_00612.jpg,2.47341e-14,5.99717e-07,4.07508e-05,1.49486e-16,6.46697e-10,1.63307e-11,0.999959,6.6847e-18
img_06642.jpg,1.22079e-14,0.00137522,4.50783e-10,4.86394e-10,8.40357e-06,1.2686e-10,0.998616,3.0979e-15
img_00487.jpg,2.8658e-06,7.7015e-08,1.50092e-11,0.00050909,8.60088e-06,6.86699e-11,0.999479,1.03675e-13
img_05095.jpg,1.07637e-07,2.0511e-06,0.000548692,8.71243e-08,1.77196e-07,5.11652e-12,0.999449,3.29484e-10
img_00858.jpg,1.43603e-10,1.28063e-09,3.18685e-07,0.144757,2.03062e-10,1.24406e-08,0.855243,5.86306e-15
img_07352.jpg,1.2117e-10,2.78384e-12,8.27177e-07,0.000404313,5.5227e-09,6.61933e-09,0.999595,5.62432e-10
img_02648.jpg,8.25181e-10,1.27702e-06,7.24119e-09,2.65181e-06,0.000126751,4.67198e-19,0.999867,2.42938e-06
img_01142.jpg,9.53249e-19,4.63447e-11,1.39361e-15,1.30192e-10,7.23723e-14,2.00899e-16,1.0,3.63301e-17
img_06475.jpg,9.97749e-13,6.43307e-13,2.81151e-15,1.10884e-16,2.59293e-21,7.07353e-11,1.0,1.33075e-17
img_00723.jpg,3.60794e-07,6.80562e-06,0.000154393,3.19138e-06,1.30284e-05,1.12309e-12,0.999822,5.14399e-12
img_01188.jpg,2.67237e-19,2.0134e-23,1.5049e-09,1.15103e-16,8.72497e-26,2.57027e-16,1.0,1.74177e-25
img_03928.jpg,5.46795e-11,3.58585e-06,1.89619e-15,4.03045e-10,2.95227e-06,1.26514e-09,0.999994,1.59074e-12
img_03929.jpg,1.16361e-15,4.74777e-14,3.66061e-15,9.17925e-18,1.81507e-15,9.96267e-11,1.0,1.53765e-13
img_07621.jpg,6.82568e-08,8.35815e-12,2.35406e-07,3.46956e-13,4.57905e-12,4.82238e-16,0.999998,1.43989e-06
img_02299.jpg,1.24087e-13,2.49582e-09,2.82293e-10,7.79507e-05,1.67023e-14,3.65851e-09,0.999922,2.96731e-15
img_05016.jpg,1.39694e-08,0.0112217,9.91426e-19,7.44519e-12,3.92002e-11,2.59908e-08,0.988778,7.22421e-11
img_01918.jpg,3.02991e-11,1.91528e-10,1.67437e-06,0.0774268,9.94775e-07,9.91882e-10,0.922571,3.09108e-14
img_03471.jpg,1.68337e-11,5.02253e-09,1.63899e-06,0.0780787,7.03808e-07,2.61827e-11,0.921919,1.45741e-15
img_06203.jpg,4.6004e-10,8.6668e-09,1.5073e-07,2.61736e-10,2.40166e-10,4.85761e-14,0.999958,4.21671e-05
img_02799.jpg,6.07549e-07,1.59545e-06,2.70725e-07,0.0454504,4.74046e-08,4.68349e-15,0.954547,7.96501e-13
img_01211.jpg,6.11223e-08,6.45903e-10,2.04192e-14,2.83479e-13,1.16734e-13,1.47819e-14,1.0,2.6914e-17
img_04476.jpg,1.3298e-12,2.83307e-07,0.00275714,6.24116e-12,7.72895e-07,7.87243e-14,0.997242,3.16784e-12
img_02507.jpg,3.23312e-11,3.21564e-09,9.76762e-12,2.39481e-12,1.10981e-13,1.65704e-07,1.0,3.319e-15
img_03231.jpg,6.09966e-06,5.58629e-05,6.56763e-09,4.47189e-11,6.35063e-12,4.93518e-10,0.999938,8.41061e-15
img_05471.jpg,1.25264e-14,2.77893e-10,0.0999986,2.01983e-09,8.42833e-09,1.70743e-17,0.900001,1.0011e-14
img_06798.jpg,2.4232e-08,1.0949e-08,0.00140993,0.171748,8.36311e-13,1.32422e-08,0.826842,8.19815e-14
img_04546.jpg,8.19651e-10,6.5434e-09,5.69907e-11,1.85686e-10,9.15293e-12,6.07903e-14,1.0,4.73718e-11
img_05857.jpg,2.19958e-09,3.13143e-09,1.46456e-05,3.20904e-09,2.60738e-11,4.07988e-07,0.999985,6.44545e-10
img_04024.jpg,2.52339e-10,5.87333e-10,6.45441e-16,1.36316e-13,2.18599e-13,1.15321e-10,1.0,1.65468e-14
img_06037.jpg,2.11251e-09,7.81875e-09,1.04107e-08,6.47016e-05,4.64726e-08,1.21783e-12,0.999935,1.47408e-12
img_03228.jpg,2.61651e-07,7.62344e-08,1.003e-05,6.00003e-09,8.12942e-12,1.22489e-11,0.999989,1.65423e-07
img_05948.jpg,4.86574e-12,4.39575e-08,7.4842e-10,1.43159e-18,2.19048e-19,2.80952e-13,1.0,1.25268e-12
img_05721.jpg,7.6352e-08,6.30535e-07,6.92561e-10,2.68661e-13,8.49819e-11,1.19136e-12,0.999999,3.91682e-09
img_03931.jpg,2.53287e-06,0.00890496,6.83885e-08,4.05329e-06,1.71014e-06,1.02505e-14,0.991087,2.05464e-11
img_02309.jpg,9.65853e-09,7.06027e-11,5.06248e-09,9.6138e-11,2.95646e-05,6.37316e-10,0.99997,1.20991e-14
img_00446.jpg,4.16099e-10,2.59205e-13,9.90105e-13,2.21039e-09,1.68572e-17,9.28719e-13,0.999939,6.08466e-05
img_04991.jpg,4.5218e-16,6.34203e-21,1.13201e-18,2.79754e-21,3.61233e-22,2.21076e-17,1.0,7.84956e-19
img_00375.jpg,3.58597e-08,0.0493872,3.43006e-09,3.34409e-10,1.9268e-10,1.48139e-10,0.950613,2.83378e-12
img_06921.jpg,3.19899e-10,1.12432e-10,1.0962e-13,3.22621e-18,3.41877e-12,2.94456e-10,1.0,2.15569e-15
img_05139.jpg,2.15067e-11,0.0870225,8.77102e-13,5.15835e-09,8.19647e-12,3.55126e-14,0.912978,3.83927e-14
img_06273.jpg,3.06211e-11,4.66883e-13,0.000176169,0.0332501,1.39368e-13,1.10446e-14,0.966574,2.28581e-12
img_06732.jpg,4.39431e-14,1.10625e-05,1.09631e-07,0.00108698,2.14917e-10,2.01899e-13,0.998902,2.24541e-13
img_02146.jpg,1.64527e-14,3.93199e-05,2.4877e-08,0.0498898,1.49748e-18,2.4564e-18,0.950071,3.36729e-12
img_04419.jpg,1.91408e-08,8.34163e-09,7.3094e-08,9.54039e-10,3.39211e-12,1.35319e-09,0.894827,0.105173
img_03454.jpg,4.21481e-15,9.80362e-13,5.79341e-09,1.41048e-08,2.09077e-06,1.30733e-13,0.999998,6.17673e-15
img_07561.jpg,9.93083e-07,6.73726e-10,8.72483e-05,0.0320163,1.5719e-13,5.03818e-11,0.853663,0.114233
img_03677.jpg,4.24127e-06,0.000229449,0.00525413,0.0872587,3.10523e-06,1.47985e-07,0.90725,3.05707e-07
img_01444.jpg,1.59289e-10,2.79806e-06,3.78164e-11,6.11936e-11,5.99561e-09,9.60164e-10,0.999997,1.41375e-12
img_06003.jpg,1.94113e-12,8.40781e-09,3.24561e-11,0.0242242,1.02548e-10,1.10681e-13,0.975776,6.32096e-17
img_01976.jpg,0.000192061,4.91113e-06,0.000389734,0.0286066,1.93178e-05,9.37531e-17,0.952408,0.0183788
img_07594.jpg,1.43337e-17,4.77808e-11,4.0959e-07,6.67131e-14,2.47817e-12,8.13092e-18,1.0,4.50377e-13
img_00575.jpg,7.93249e-11,5.20718e-12,3.02936e-23,2.03379e-19,2.54826e-18,3.23567e-15,1.0,4.17657e-22
img_06807.jpg,3.41905e-07,1.95267e-07,3.57976e-08,0.00850554,0.000583729,5.60837e-12,0.99091,2.56221e-14
img_06559.jpg,6.24935e-06,2.26099e-10,0.000565098,0.0283583,8.85433e-08,1.04374e-07,0.97107,4.80656e-09
img_06748.jpg,6.63636e-13,1.15335e-05,3.08846e-15,7.86087e-12,6.9019e-11,3.25385e-15,0.999988,1.37962e-11
img_06373.jpg,1.09927e-06,0.000360035,1.00817e-07,2.42219e-06,5.02355e-08,3.4084e-18,0.999636,5.93649e-11
img_06541.jpg,1.12104e-16,7.26554e-21,2.92625e-10,1.47582e-07,4.57134e-16,1.24137e-14,0.928571,0.0714286
img_00152.jpg,2.05086e-11,1.6826e-07,3.60752e-12,8.36055e-09,5.01316e-10,3.98656e-13,1.0,6.82746e-14
img_02416.jpg,9.31586e-11,8.14546e-08,3.82263e-10,0.0193137,1.16216e-09,2.09889e-13,0.980686,3.39418e-13
img_06010.jpg,3.45103e-07,1.64111e-07,0.0638181,4.06255e-09,1.43717e-08,2.24465e-13,0.936181,4.87991e-15
img_02209.jpg,2.68316e-09,5.23756e-06,2.81977e-13,3.39815e-10,3.6951e-12,6.32211e-11,0.999995,1.90798e-16
img_05718.jpg,8.2355e-15,2.79474e-09,1.67253e-09,9.39883e-15,1.38024e-14,1.63521e-13,1.0,3.99656e-16
img_00837.jpg,4.89022e-09,3.09052e-09,2.83382e-08,0.0231302,3.66778e-12,2.41269e-13,0.97687,3.15537e-13
img_03670.jpg,1.51345e-09,2.28077e-11,1.61771e-07,8.40556e-07,8.72892e-07,2.02234e-13,0.999998,6.88963e-14
img_06522.jpg,1.12468e-10,5.34653e-06,8.04056e-16,1.02342e-13,8.75878e-20,1.35325e-06,0.999993,6.93975e-15
img_03847.jpg,6.03176e-16,3.06222e-17,4.67053e-09,1.24316e-13,8.45524e-13,6.42566e-14,1.0,1.80289e-21
img_01595.jpg,6.314e-09,1.65931e-07,8.70769e-09,2.27177e-06,0.00318576,1.24895e-11,0.996812,3.64329e-08
img_05492.jpg,4.93989e-10,6.14011e-05,0.000158388,0.00245247,1.29748e-05,2.04248e-15,0.997315,1.17832e-14
img_00398.jpg,3.01167e-12,5.30726e-08,1.83598e-10,4.91177e-11,1.2429e-11,5.15524e-15,1.0,1.43511e-13
img_05068.jpg,9.45718e-11,3.69772e-05,0.000197482,5.95988e-07,1.76455e-12,1.17466e-09,0.999765,2.26408e-15
img_01022.jpg,9.62038e-07,7.13678e-07,0.000137101,3.15051e-09,3.15213e-09,3.29894e-10,0.999861,2.58635e-11
img_04603.jpg,4.52577e-10,0.0677176,1.01365e-09,1.15703e-06,2.57132e-10,1.17268e-05,0.93227,1.11064e-10
img_04657.jpg,2.0099e-13,6.85704e-05,0.00124332,1.88009e-13,1.26483e-16,1.77495e-16,0.998688,1.90243e-18
img_06238.jpg,3.21926e-07,1.37248e-10,8.24802e-09,4.78351e-07,5.07417e-09,1.4653e-10,0.999999,2.9807e-11
img_05378.jpg,1.74697e-08,1.37245e-05,5.86449e-14,0.0833088,2.88079e-09,3.22656e-18,0.916677,5.60791e-07
img_07191.jpg,8.86011e-15,2.35177e-07,2.69074e-17,2.35352e-12,1.00795e-12,1.107e-10,1.0,4.84887e-12
img_07068.jpg,1.04107e-08,0.037059,0.0625447,2.18867e-08,3.08594e-06,9.6441e-10,0.895817,0.00457653
img_03238.jpg,2.69557e-11,2.46493e-09,1.14808e-09,1.60809e-10,6.4154e-07,3.53797e-13,0.951353,0.0486466
img_00855.jpg,5.64681e-13,3.72622e-16,1.19172e-15,5.61709e-17,2.21292e-19,4.31588e-14,1.0,4.94792e-17
img_01802.jpg,3.00669e-08,0.000118107,2.95535e-06,2.29099e-05,2.31737e-07,4.16924e-15,0.999856,1.29381e-11
img_05479.jpg,0.00205978,7.67401e-06,0.00219032,0.0467305,1.77935e-09,2.36086e-10,0.949012,3.38948e-12
img_03370.jpg,1.26777e-11,4.27322e-19,1.43598e-08,4.96027e-17,2.52372e-20,3.37175e-16,1.0,2.45508e-14
img_01431.jpg,3.28559e-09,3.6504e-10,1.5386e-09,2.89833e-10,1.06615e-08,2.41303e-11,1.0,3.36352e-09
img_06318.jpg,3.38974e-12,9.70591e-12,3.53451e-14,3.37521e-13,1.42781e-13,2.12678e-12,1.0,3.93011e-08
img_04705.jpg,0.0,3.0442e-25,0.0,7.78458e-20,5.55254e-23,2.83635e-27,1.0,5.92014e-28
img_02082.jpg,4.87859e-12,3.30402e-09,8.23705e-11,2.12586e-10,2.64704e-08,1.80926e-12,1.0,1.0365e-11
img_02789.jpg,9.63979e-09,5.1247e-08,1.59007e-09,0.00149179,0.000253224,1.98856e-13,0.998255,5.61463e-13
img_05835.jpg,1.908e-14,2.19338e-08,4.18457e-09,2.91829e-12,4.48169e-13,2.00039e-12,1.0,1.24615e-10
img_06067.jpg,1.65026e-12,2.74826e-08,1.17013e-14,1.35992e-05,2.13492e-07,8.2656e-14,0.999953,3.29229e-05
img_04405.jpg,4.77471e-12,0.0378183,1.91992e-07,2.20735e-07,3.12466e-06,1.21356e-12,0.961774,0.000404241
img_03270.jpg,1.70345e-11,7.80426e-11,8.26829e-06,4.7555e-08,7.04895e-12,4.50898e-13,0.999992,2.24166e-14
img_02379.jpg,8.67437e-14,3.43131e-16,1.34001e-16,8.34301e-08,1.75911e-10,4.74553e-17,1.0,3.63301e-16
img_02522.jpg,3.41531e-05,2.14449e-06,0.00159165,0.0842992,1.35445e-09,4.68146e-11,0.914073,5.97946e-12
img_02916.jpg,6.06581e-09,0.0136358,3.51839e-08,2.62511e-05,1.19466e-11,7.72324e-12,0.986338,5.44578e-12
img_05615.jpg,3.68024e-19,0.00314282,6.12619e-23,0.000175795,1.21972e-05,2.7603e-11,0.996669,5.39052e-18
img_02486.jpg,1.72473e-14,1.52736e-06,1.41552e-10,2.21686e-07,8.24843e-14,3.20307e-13,0.999998,2.64634e-19
img_01179.jpg,2.30554e-08,1.5682e-08,1.17376e-05,0.00175489,1.59047e-09,8.45572e-13,0.998233,3.53409e-12
img_02811.jpg,9.55073e-11,5.37259e-08,6.18077e-07,1.67785e-09,1.72127e-11,7.76738e-12,0.999999,3.32863e-12
